t = 0
b = 100.0 100.0 100.0
E = 0 0 0
-0.7757195910934926 -6.884652483314214 -10.051107205549116 -0.3438131209002745 0.8613506221270435 -0.3739888282531555 0.26104652346009527 0.5144873703793897 0.816797072907034 0 0 0 0 0 0
-0.47077636122441435 -6.542503316632775 -9.869539187432732 -0.8201259691468119 0.5551481415751951 -0.13857826538317497 0.25062637233406293 0.6161619654521082 0.7466798871141922 0 0 0 0 0 0
-0.3299981592729907 -6.07580784753857 -9.733839785351174 -0.9714614391206089 0.02357297454496836 0.2360232767606149 0.18776786080932897 0.658445430786083 0.7288297778795937 0 0 0 0 0 0
-0.36194119806003167 -5.624683981486969 -9.564736700379816 -0.7453704388958826 -0.46104969062205736 0.4815143731992478 0.07883591506399168 0.6260368600840516 0.7757981363164806 0 0 0 0 0 0
-0.5425481494701812 -5.261666004543335 -9.307235282235458 -0.23760370502368158 -0.7746923644086703 0.5860001876159455 -0.008674289311338696 0.6072359478978943 0.7944742036627048 0 0 0 0 0 0
-0.8020794097000603 -5.044843105538473 -8.934077854621743 0.3825524141542194 -0.8002430195732385 0.46180597662772177 0.011897077374816137 0.5167975088980771 0.8560249963328638 0 0 0 0 0 0
-0.9595031459583842 -4.940845518642814 -8.47097913105522 0.7801759406058145 -0.5897804242069564 0.2085295013231818 0.11409402885957735 0.420540066464844 0.9000714444289045 0 0 0 0 0 0
-1.011941553488864 -5.02196702306605 -7.9558197781409135 0.9851966931612935 -0.1375554624684121 -0.10230332609037394 0.1464631664308564 0.3044936310934183 0.9411865752881265 0 0 0 0 0 0
-0.8880744687792548 -5.104402868099474 -7.453450368896307 0.82717011741031 0.4028801520474125 -0.3917616366486996 0.24577451922186427 0.32968678305287574 0.9115379919572786 0 0 0 0 0 0
-0.5768023156638814 -5.109999944089671 -7.03848334111963 0.3477324312625151 0.7768201501222778 -0.5250072481521203 0.29917731898025485 0.42462035851977104 0.8545118389690852 0 0 0 0 0 0
-0.17825053709861602 -4.982243107236174 -6.747746670635268 -0.258455862469722 0.8758195639875032 -0.4076035555435844 0.3402450773605158 0.47189493483398787 0.8133562920454743 0 0 0 0 0 0
0.19403369953502483 -4.658941008650625 -6.534262221662672 -0.7655523375088575 0.6232292896480199 -0.1597337505336572 0.2923258852899239 0.5415243624061948 0.7882239159718679 0 0 0 0 0 0
0.4034566916044045 -4.233810663440371 -6.324716358400051 -0.9846526442512595 0.17106940749189883 0.03456049752785852 0.1257305917899275 0.628624991690514 0.7674779723941632 0 0 0 0 0 0
0.38422838832858536 -3.735305981335901 -6.167960997741614 -0.8785318988671406 -0.29539796878753516 0.37539544843950184 0.07877195347957945 0.6371968944907843 0.7666649183289342 0 0 0 0 0 0
0.2138932373903452 -3.289267908802276 -5.911924287588111 -0.505979646579927 -0.7130446529041589 0.48533691412423996 -0.05749276195624026 0.5845892285378385 0.8092898221281286 0 0 0 0 0 0
-0.06925263010141311 -2.984297196589917 -5.57524807127467 0.01456417048153608 -0.8681680765004582 0.4960565248877179 -0.09284437857126981 0.5091529358144907 0.8556536737016909 0 0 0 0 0 0
-0.3899920148486183 -2.8514213321119684 -5.184766917533112 0.5832274256731221 -0.7080679629728985 0.39810241113828093 -0.13342158386303268 0.4117877888438858 0.9014596485248483 0 0 0 0 0 0
-0.6035532608341174 -2.907968018734026 -4.717605485598186 0.9540151849421945 -0.2465348557872218 0.17051566432936396 -0.0796336005694523 0.35745916454059273 0.9305275038096866 0 0 0 0 0 0
-0.6332537518108325 -2.97477822004875 -4.1897804447176785 0.9679748130717127 0.2120608790836082 -0.13436868988373074 0.051743378005177816 0.29212062178670856 0.9549807145484981 0 0 0 0 0 0
-0.4580746672488054 -3.0167786266058387 -3.7173050395951193 0.6129722377374358 0.6874995021598467 -0.38937060789577277 0.13002237103179343 0.38169281782523634 0.9150982328973767 0 0 0 0 0 0
-0.14370991708305264 -2.951144034119629 -3.3057508129689466 0.09353395752512195 0.8795593410360609 -0.4665048385450026 0.1787576149037695 0.4514226666590271 0.8742215343609242 0 0 0 0 0 0
0.19581938348009137 -2.6978148089217227 -2.9991327524254947 -0.44133823019741875 0.7921208490919739 -0.42162201911192976 0.2221772478907187 0.5564113110598102 0.8006520614127021 0 0 0 0 0 0
0.43499677580965096 -2.3055343773217083 -2.8024492690977234 -0.8706301187710604 0.4540020748353391 -0.18943418998136582 0.19142610370640062 0.6680930075784706 0.7190325305885262 0 0 0 0 0 0
0.5617081277153778 -1.8344760673590463 -2.683852298552412 -0.9814396760763556 0.0013675365473675158 0.19176624329357295 0.13191256563054338 0.7105212439394485 0.6912008658411144 0 0 0 0 0 0
0.47736941403858413 -1.2963930907890127 -2.5707139528294976 -0.7587053563239167 -0.42819289713571607 0.49093484814985455 0.08001453948681406 0.675316881319837 0.7331744562347778 0 0 0 0 0 0
0.2546742795321133 -0.9005632378496834 -2.338824002654588 -0.24306634754767703 -0.7190255905950574 0.6510921215613508 0.022312182223636567 0.6768920423249173 0.7357440652574928 0 0 0 0 0 0
-0.024211072491734868 -0.6100260530022202 -1.977017710781625 0.334967927885838 -0.7680314055370513 0.545824374132055 0.00621965324536398 0.5876264794532251 0.8091084207687593 0 0 0 0 0 0
-0.2350114012689127 -0.48281056830760843 -1.5283330576160896 0.7542160647293907 -0.5842128153319311 0.2997557574193537 -0.060950344162813246 0.44607588899885237 0.8929173292082074 0 0 0 0 0 0
-0.37200343608109804 -0.5049084203731723 -1.0152379804209215 0.9778712284468539 -0.20853360233219875 0.016780860353309772 0.03892868075707943 0.3591245788707274 0.932477396329496 0 0 0 0 0 0
-0.3058271939046875 -0.614801271490474 -0.5029594369274178 0.918198234725866 0.3171228443101537 -0.237371235331793 0.11870082076709751 0.33887591147469925 0.9333130406093172 0 0 0 0 0 0
-0.04012702541899582 -0.6758172427326101 -0.10394782591166252 0.4375609963180902 0.8228912696031248 -0.3624780447310951 0.16442411638679727 0.3282583650226412 0.9301672729907688 0 0 0 0 0 0
0.27514610132603023 -0.5653783231320432 0.3132275904342476 -0.05069023784561656 0.8865358796529118 -0.45987458494158234 0.26379047300572517 0.45942243571292557 0.8481424478912835 0 0 0 0 0 0
0.6267102456622906 -0.26348950006726374 0.6063775128871696 -0.6412680321191027 0.6864716526327584 -0.34282937609508163 0.1479539002361377 0.555971048882206 0.8179277695553163 0 0 0 0 0 0
0.8411111764463634 0.13623925514277246 0.8189961082707093 -0.942287959992993 0.3171725931609666 -0.10721448875871059 0.1333451371153093 0.6448549423563238 0.7525830038781913 0 0 0 0 0 0
0.8698637529970039 0.6398481138486305 0.9676840572059143 -0.9507532733679296 -0.19986019164947144 0.23690529114817904 -0.006087646642445277 0.7302148482795774 0.6831904682520025 0 0 0 0 0 0
0.6787133474698238 1.1099580775449582 1.084401488974799 -0.630362833042246 -0.5587392118445582 0.5389370945354156 -0.07791290638768854 0.7292584087697617 0.6797880200892177 0 0 0 0 0 0
0.41845089449937706 1.4925176566902745 1.2914189405605667 -0.07522386259764348 -0.7185498570584836 0.6913953090794901 -0.14645108862718695 0.6859899938412188 0.7127200060259544 0 0 0 0 0 0
0.05773400089749213 1.7035830393965559 1.591738772021757 0.47049058272869837 -0.5840697394388437 0.6614386978665906 -0.23512607251949413 0.6201418974269788 0.7484248506545089 0 0 0 0 0 0
-0.23326580953157575 1.8116576555161596 2.0331838303998846 0.8984849356144631 -0.2512833213745172 0.35997432251879474 -0.1655214201172253 0.5605978070255093 0.8113770752495827 0 0 0 0 0 0
-0.33299339929353317 1.8249138904251097 2.536671715585311 0.9844598939572117 0.17471086674771502 -0.017743455977284633 -0.08032523392030706 0.5243950060632243 0.8476778482487312 0 0 0 0 0 0
-0.2307561159354367 1.883823392228353 3.053962958196144 0.7510631853514759 0.5545368658292434 -0.3583196283291977 0.020580710208016717 0.5078312237344077 0.8612107074158726 0 0 0 0 0 0
0.010479160402609645 2.0157973778795446 3.475560748966033 0.22448259344951263 0.7673128091834138 -0.600698441900126 0.14158654173475838 0.5806750414340803 0.8017292232762384 0 0 0 0 0 0
0.31637300498451415 2.289402132347326 3.7886090114740574 -0.33804488241522596 0.715578210140346 -0.6112883792820005 0.17823985031014167 0.6739800092012548 0.7169250330114684 0 0 0 0 0 0
0.6060237333276091 2.68240287958887 3.964652532276523 -0.8101661870687675 0.47457422731163484 -0.34410761703574566 0.10395811981418564 0.6870274831738208 0.7191564132291006 0 0 0 0 0 0
0.7067103674094348 3.168523882245713 4.08672083461598 -0.9991368728571681 0.01641787711244205 0.03815707808938626 0.02829366482987941 0.6847479201492188 0.7282305640261286 0 0 0 0 0 0
0.6146506561453421 3.6449358916486836 4.275864891667572 -0.8318583786424597 -0.4576177458489171 0.31400260598678853 -0.12062220372377239 0.676487438605096 0.7265087951142349 0 0 0 0 0 0
0.36192480059668597 4.058936878902417 4.461005837647717 -0.38740705182431245 -0.7429690941810845 0.5458137972683845 -0.23214653708728894 0.6290711091081392 0.741874332352748 0 0 0 0 0 0
0.03139838033009083 4.344785514816172 4.8063456006843905 0.1914276387964985 -0.8186537095289432 0.5414439610701166 -0.20712344523486648 0.48403377533935665 0.8501830289795065 0 0 0 0 0 0
-0.26817252770628636 4.406587699500746 5.206816302775936 0.730484577862597 -0.5339069530836617 0.42583523451427086 -0.19920453815885214 0.39623841377106944 0.8962771175418378 0 0 0 0 0 0
-0.4382619971818668 4.375785149969918 5.7001051205907585 0.9837375553501324 -0.12906384767030493 0.12491175052124394 -0.07804437118221812 0.2828201862997135 0.9559925827893058 0 0 0 0 0 0
-0.41914888789450205 4.205151169210889 6.187989020839444 0.9043731635467476 0.4172672749241552 -0.08942707830303619 -0.016888637469914945 0.2467048399229447 0.9689434946801614 0 0 0 0 0 0
-0.21805150799789982 4.118654909421951 6.650240912088502 0.5369049201159046 0.8126043914612774 -0.22673158080245684 0.1894777173550144 0.17005939937099873 0.9670460150952014 0 0 0 0 0 0
0.09557504732286035 4.096100982428171 7.049250107476611 -0.04962182584063454 0.9758927818170406 -0.21253459200243072 0.22877273704105658 0.2144059990411939 0.9495752220661041 0 0 0 0 0 0
0.4353701953755623 4.294712178183149 7.377732065642602 -0.6022076600100474 0.790186158821752 -0.1138058374238685 0.25193876239044205 0.28982979514975926 0.923323101546052 0 0 0 0 0 0
0.6747382412841696 4.622918201521449 7.692728772900824 -0.9301165021315757 0.36704632813119276 0.012660389722733265 0.18391150657144228 0.3952706527396466 0.8999653709079012 0 0 0 0 0 0
0.7260677072988281 5.023298188979682 7.944632837516845 -0.9549376044197255 -0.2205156186001709 0.19866311589849683 0.0651372699863743 0.4542462160594597 0.8884917057881773 0 0 0 0 0 0
0.5673206356260849 5.384773608345822 8.22494663402313 -0.6274005402476629 -0.6966774742066573 0.347863563814857 0.0009572588993732649 0.4029363140111655 0.9152275184381723 0 0 0 0 0 0
0.3276709214758424 5.644641373933108 8.593918760673018 -0.13781319568797093 -0.945459317525611 0.2951511511044383 -0.10581446105472082 0.2840423874897914 0.9529549947089833 0 0 0 0 0 0
0.0007364367797019211 5.698904209124555 8.97840831281967 0.5164380356918917 -0.8142324466506548 0.2651740524862664 -0.08434241427849097 0.2278546993161229 0.9700353566511041 0 0 0 0 0 0
-0.171729914423915 5.64155464200366 9.442210163034847 0.8874258252051966 -0.45433514856593643 0.0778137361681342 -0.020483766880656777 0.0802812884688953 0.9965617542411273 0 0 0 0 0 0
-0.21398331364355982 5.406479360598758 9.887472867516157 0.9949698361367928 0.09343237413763658 -0.036130549967144085 0.03328866382848195 -0.014541380341117289 0.9993399887517207 0 0 0 0 0 0
-0.09725987445793872 5.160438343628797 10.29022162123535 0.718785724504165 0.6890428724922556 -0.09255810130206667 0.11431554953246945 -0.030190672402732262 0.9929856385844462 0 0 0 0 0 0
0.1671920361696984 5.0411472090844835 10.685952018384127 0.18155762877023832 0.9789555092283537 -0.09318228579930239 0.13508747088049367 0.038686001469092034 0.9900781628242515 0 0 0 0 0 0
0.4786204061139485 6.070792661807582 10.513720755669647 -0.17268809666450652 -0.955087377259537 0.24080474054696024 0.050946624347638796 -0.20224987929893307 -0.9780078873869819 0 0 0 0 0 0
0.7393200007140615 5.868556026628718 10.211071519117398 -0.7880566759457082 -0.6082809603836641 0.09466228780316072 0.1029454429870048 -0.216369209430336 -0.9708689926960798 0 0 0 0 0 0
0.8769586813925955 5.520912268115859 9.881422425959668 -0.9955102088846082 -0.09258359616767992 -0.01969014289393988 0.053279079742689875 -0.2812565243285471 -0.9581524446477175 0 0 0 0 0 0
0.804915593642003 5.156388673240101 9.528718225917038 -0.9020813652181362 0.4272554016272482 -0.060844328466361224 -0.12994555711595687 -0.37330422571999167 -0.9185630665585358 0 0 0 0 0 0
0.561456487227108 4.796423774056147 9.294212133042475 -0.4986928501807025 0.8168824813462118 -0.2898421171056814 -0.19703126238852697 -0.3935898291030185 -0.8979230078733033 0 0 0 0 0 0
0.2065655968559838 4.607090433000507 8.953759826545776 0.13246865395499996 0.9366840090949177 -0.32415293123034167 -0.20105261287547577 -0.2627725953477418 -0.9436781283839082 0 0 0 0 0 0
-0.15491729865931994 4.644872526648842 8.583770967909405 0.688371473309104 0.6579357093344876 -0.3053937083778543 -0.18243195163538914 -0.1908649408489315 -0.9645149855638516 0 0 0 0 0 0
-0.34710112659199 4.800089317814267 8.16743399535874 0.9591557567765041 0.20198728598040674 -0.198043860154161 -0.18169258039469482 -0.10202373899043439 -0.9780485483409957 0 0 0 0 0 0
-0.3757787063567367 5.000796201673166 7.703733656363501 0.9366255952316247 -0.35026775266926113 0.0067078906543044025 -0.056292739794989194 -0.09406612667083575 -0.9939731843764801 0 0 0 0 0 0
-0.22049589706162495 5.176293447633748 7.248687244498879 0.5833796015805847 -0.799040115368566 0.1456129612756612 0.047859213799692206 -0.1377318225564639 -0.9893126102045552 0 0 0 0 0 0
0.09428836986481683 5.1808359784415075 6.8135507457185085 -0.029579580457010302 -0.9793146017570942 0.20016982591122826 0.04665476473767943 -0.20899832520909928 -0.9768024534096253 0 0 0 0 0 0
0.3805701294790079 5.035571962682103 6.4137817549735505 -0.5572817777695539 -0.8076099284020161 0.19288137212415304 0.11691365812621161 -0.3245002724208377 -0.9386323932948134 0 0 0 0 0 0
0.5884832249708619 4.687011651309155 6.1020404367017615 -0.90278697934366 -0.4190218667529053 0.09693474666217654 0.11623333936275718 -0.5041594798147825 -0.8557529022641233 0 0 0 0 0 0
0.6537064588983582 4.238181712384002 5.87128470493378 -0.9751761546792845 0.1447549271123045 -0.16756335644058884 0.052428997076547426 -0.5678511486157486 -0.8214598427685449 0 0 0 0 0 0
0.5470287234416251 3.786948128997661 5.668099409710768 -0.7441926560698057 0.5502870130055907 -0.3786310789794638 -0.0920346351559967 -0.6154060089996097 -0.7828186699478206 0 0 0 0 0 0
0.2647439006737424 3.430375286294601 5.42676685126519 -0.2711162232700305 0.7880425933079167 -0.552706852329812 -0.1705706250523664 -0.5755932188985308 -0.7997487781967991 0 0 0 0 0 0
-0.02084057817981243 3.213654955428484 5.06349234521298 0.3386103405638673 0.7685963967383114 -0.5427730798262808 -0.1889661143845406 -0.49991900149007057 -0.8452057735034584 0 0 0 0 0 0
-0.3131302384102824 3.150946253445672 4.647038898764071 0.8325253714465264 0.4391600895246927 -0.3376979740337321 -0.07035906580248102 -0.5181628186130894 -0.8523830683831893 0 0 0 0 0 0
-0.4085414583746692 3.176001179977881 4.124285794953968 0.9994899012317123 -0.023344140962418734 -0.021794229019367176 -0.03222958098199287 -0.3753018222960093 -0.9263421594049468 0 0 0 0 0 0
-0.3256767613066082 3.2217036275593642 3.5739220667416745 0.8174651688402625 -0.465445690663201 0.339280130240509 0.09104267531875063 -0.47495148123272235 -0.8752898501328846 0 0 0 0 0 0
-0.0811585752669449 3.109940248952419 3.1070528978384337 0.35204284184643875 -0.7233007587473598 0.5940554266229515 0.15323812581164734 -0.5645788971737181 -0.8110294357567066 0 0 0 0 0 0
0.2783405877070598 2.8879674941276097 2.788884760145362 -0.2699140761379522 -0.7467463140343172 0.6078785519976476 0.23366995709654276 -0.6496804221760379 -0.7234042439685193 0 0 0 0 0 0
0.6166365888177354 2.517316730803908 2.5931862241969417 -0.7282427649094713 -0.5415953932502721 0.41992488062401345 0.1885630166419959 -0.7424744061458871 -0.6427874804110472 0 0 0 0 0 0
0.7806420530228391 2.0319949325837983 2.543786186543458 -0.9825298193851567 -0.18534732047889563 0.016778701089918708 0.13146933325849627 -0.8074455308654477 -0.5751065371720111 0 0 0 0 0 0
0.7720070078036587 1.4979111456105705 2.483661176023478 -0.8807772294562819 0.2610227274953806 -0.39509316344653256 0.0661202366013166 -0.7676623783739136 -0.6374343786940678 0 0 0 0 0 0
0.5692990117766685 1.0071721364589394 2.3391291398931506 -0.44400239088958965 0.6199953696800274 -0.6468907314683479 -0.013262332240077699 -0.7396678816202406 -0.672841389513888 0 0 0 0 0 0
0.2886111717025237 0.6726203774045879 2.077231866524534 0.13366125788933744 0.7127226394956131 -0.6885935719202194 -0.09733343733630835 -0.6772911977651108 -0.7292481302041167 0 0 0 0 0 0
-0.01913952128661119 0.4563746044682488 1.7188771521101693 0.6083739338647219 0.5693806667986391 -0.5528895123529656 -0.17909898958814116 -0.5790091566171967 -0.795406781767637 0 0 0 0 0 0
-0.24254592277071393 0.4066892147980532 1.2372419222810407 0.946618134212126 0.2094983218066739 -0.2449991043676293 -0.1234080449805782 -0.4386361361294856 -0.8901509953459957 0 0 0 0 0 0
-0.2588621461102526 0.4911182897385464 0.7135527197934167 0.9529604192466208 -0.29154374773383257 0.08287751508470978 -0.05258094984205247 -0.4100555612194911 -0.910543618080252 0 0 0 0 0 0
-0.11245808382595608 0.5320807180771336 0.20886738077352884 0.6250697362484291 -0.6926990054021146 0.3597998231534314 0.11318989804114175 -0.3800051222420815 -0.9180327630598031 0 0 0 0 0 0
0.22926624642422042 0.4725443856605587 -0.19660823410720604 0.04155625827379873 -0.9124957955280762 0.4069699012726428 0.15759826284502476 -0.3937137372910676 -0.9056225928147612 0 0 0 0 0 0
0.5255745617397404 0.24986192524071785 -0.5605605285916795 -0.5178830765752372 -0.7577429155001749 0.3970173711643634 0.14951664654162572 -0.5379978832698357 -0.8295800443622803 0 0 0 0 0 0
0.7431832620584171 -0.17525285981423847 -0.8130809136915195 -0.8962152858072382 -0.3550481802976961 0.265967951363966 0.01673793104926353 -0.6385496035101446 -0.7693986258898746 0 0 0 0 0 0
0.7736832673634677 -0.6872211341591414 -0.9822925281793173 -0.9894047148210481 0.1369368536312955 -0.04823492932970387 -0.03767509300154243 -0.622800085707756 -0.7814733780556679 0 0 0 0 0 0
0.6623258522693225 -1.1579291534087464 -1.1975111993354353 -0.786014802079665 0.5692541011200039 -0.2411026737091929 -0.1980165600726013 -0.6268211690186251 -0.7535812258855299 0 0 0 0 0 0
0.3695159443932248 -1.5322885314956447 -1.3519317386291247 -0.33378323115623804 0.789963626127793 -0.5143405719889593 -0.28344843999808667 -0.6191348413892449 -0.7323448846278409 0 0 0 0 0 0
-0.04296946801254463 -1.721705518479379 -1.5968952263113063 0.26870015680310383 0.7000130936031433 -0.661650885677745 -0.320286502630947 -0.6003558836585385 -0.7327955848591144 0 0 0 0 0 0
-0.3795695332810233 -1.8180702919799998 -1.9752651513472705 0.7512242132370096 0.4190100018832868 -0.5099929409003658 -0.2795203360257739 -0.49711202007385086 -0.8214304725575583 0 0 0 0 0 0
-0.5873384856486576 -1.8043655614814536 -2.464805672616004 0.9767245872885786 -0.027686956781553505 -0.21270287494562012 -0.1824233504542911 -0.4611122767602427 -0.8683876953469667 0 0 0 0 0 0
-0.5649441981144031 -1.7912785978953583 -2.9998215721755743 0.8856534227878415 -0.42785886082442326 0.180429515097191 0.0019381932164024176 -0.4080095463095432 -0.9129756040154285 0 0 0 0 0 0
-0.3692885458414764 -1.8096988271615377 -3.4837021452110477 0.5107229671377442 -0.7626073894332499 0.396978614562324 0.10501758639103743 -0.4162811519141141 -0.9031507676515916 0 0 0 0 0 0
-0.05038994698943431 -1.9426821733637822 -3.8834283880131495 -0.07629148298582772 -0.8703963006655584 0.4864050672140803 0.183858438443095 -0.4914522866619598 -0.8512759391337202 0 0 0 0 0 0
0.2904406241195957 -2.2401121921932172 -4.153134206621332 -0.6256809973528388 -0.6836945732636143 0.37561285925995863 0.16667268713844718 -0.5909331658687578 -0.7893150250935151 0 0 0 0 0 0
0.4902215337789335 -2.7074098512347518 -4.346041298611048 -0.9592939597106902 -0.2574566937569612 0.1160652820714222 0.1090291151614924 -0.6520391203832147 -0.7503050296625937 0 0 0 0 0 0
0.5060299835368165 -3.2014318554665087 -4.508235412974967 -0.9452779332312683 0.2609263085451248 -0.1958751910146772 0.0022042190580826835 -0.6475129903095584 -0.7620512245241244 0 0 0 0 0 0
0.32478072191910556 -3.652841803887134 -4.715638204479883 -0.6194920732154517 0.6817371719699787 -0.38918376068073174 -0.14326950852355586 -0.6016616827623741 -0.7857970904902659 0 0 0 0 0 0
0.010577864931401448 -3.9768664317144924 -4.983658509936744 -0.08877114918024491 0.8506665162835879 -0.5181565025618833 -0.2271850841685417 -0.5353923586837316 -0.8134752361285519 0 0 0 0 0 0
-0.34484653255102304 -4.115484945023382 -5.315551458327395 0.48465500213835405 0.7111138798355282 -0.509339355251029 -0.2704366801054811 -0.43126485257571695 -0.8607407443512656 0 0 0 0 0 0
-0.6294798613988329 -4.102440124506576 -5.7548053846933325 0.8841232815799727 0.3220067112063942 -0.3385818968968987 -0.2106306511458774 -0.3751325203986338 -0.902723834257871 0 0 0 0 0 0
-0.7462323987148926 -4.051837643662163 -6.264076284978824 0.9882122503985886 -0.1476422193463115 -0.04047620570968478 -0.08521120550094965 -0.32167718010362084 -0.943007339450578 0 0 0 0 0 0
-0.6513591210848894 -3.9340147434036616 -6.7449203261178425 0.7314016203996262 -0.6527747753848626 0.1973240033499298 -0.04074980524785488 -0.3263372339795647 -0.9443746412789941 0 0 0 0 0 0
-0.4254903460263909 -3.987576328911725 -7.211817919745125 0.18893042720130934 -0.8836411524118997 0.4283498656959057 0.015129599509614311 -0.4250355302347234 -0.9050502158757635 0 0 0 0 0 0
-0.16744046345421365 -4.243350930648578 -7.616851167440187 -0.37837474979074126 -0.7556167829624335 0.5346735695976532 -0.0479693150855866 -0.5420994775410987 -0.8389440394089988 0 0 0 0 0 0
0.03572667158919723 -4.642710707351423 -7.866819132802014 -0.845169808105358 -0.40318015662852813 0.3509041988465626 -0.04966898588902571 -0.6001246889594303 -0.7983629184412957 0 0 0 0 0 0
0.08948748601232405 -5.144415353988157 -8.062904907216726 -0.9876662799443205 0.1434161376806164 0.06282619607871846 -0.15233914843914198 -0.6037804348758364 -0.7824589256401788 0 0 0 0 0 0
-0.09854875918847819 -5.586667668470455 -8.258882640388197 -0.7708950593182491 0.6081865348106505 -0.1892879985464649 -0.27983886829140464 -0.5754359194592102 -0.7684814313888912 0 0 0 0 0 0
-0.41469364177604806 -5.902628642562494 -8.423886972934254 -0.33759034767479523 0.808682842432073 -0.48173106347088923 -0.3364923908483733 -0.584499013140695 -0.7383317510026909 0 0 0 0 0 0
-0.8111058222903529 -6.104397021889406 -8.678604994785514 0.21636167289586158 0.7885379937930644 -0.5756695743623361 -0.37425604322503936 -0.4800290660607565 -0.7934132024653834 0 0 0 0 0 0
-1.147014364571799 -6.13139496036866 -9.058358500233393 0.730376782625442 0.5038364863116568 -0.4611925307968805 -0.32946549630861394 -0.3437877330996644 -0.8793534450448878 0 0 0 0 0 0
-1.3557176565402673 -6.013641654351156 -9.494358707890587 0.9710538985195265 -0.0696637042093937 -0.22847602606368805 -0.2511910734190897 -0.320824224231535 -0.9132222411772499 0 0 0 0 0 0
-1.369447205535254 -5.94519126391957 -9.977732472043591 0.8224502640242533 -0.5628242300599499 0.08248908572569348 -0.16541384663013295 -0.3973890507725683 -0.9026185249977423 0 0 0 0 0 0
-1.2503515813124344 -5.951263210455184 -10.45032710472444 0.3830768546375068 -0.8483436811817214 0.3654656236092258 -0.08851579749887581 -0.45491897238043627 -0.8861228369483916 0 0 0 0 0 0
