t = 0
b =  100.0 100.0 100.0
E = 0. 0. 0.
80.18014606829931 3.903613386067601 20.810199186693374 0.8742660267570289 0.3316234273014831 -0.3545205451356747 0.09828762680656956 0.5942500493455887 0.7982521038302987 0.0 0.0 0.0 0.0 0.0 0.0
80.48535378916895 3.9152353103513895 21.252237963404042 0.4294346020544846 0.6982812133189444 -0.5727034744823267 0.09828762680656956 0.5942500493455887 0.7982521038302987 0.0 0.0 0.0 0.0 0.0 0.0
80.88845114108909 4.086030459182681 21.563728965086323 -0.1785462077322242 0.799650291757234 -0.5733067787816672 0.09828762680656956 0.5942500493455887 0.7982521038302987 0.0 0.0 0.0 0.0 0.0 0.0
81.2508488793387 4.439105917181067 21.744534668506198 -0.718694328068058 0.5972188549170341 -0.3561012526436669 0.09828762680656956 0.5942500493455887 0.7982521038302987 0.0 0.0 0.0 0.0 0.0 0.0
81.44942022289145 4.928317431949307 21.844167080181208 -0.9857984572424534 0.16789399012707423 -0.00360690693089033 0.09828762680656956 0.5942500493455887 0.7982521038302987 0.0 0.0 0.0 0.0 0.0 0.0
81.4232787770976 5.455800387049807 21.94297729730783 -0.8783812708391656 -0.32521660854998297 0.3502577630291994 0.09828762680656956 0.5942500493455887 0.7982521038302987 0.0 0.0 0.0 0.0 0.0 0.0
81.19691029297763 5.909150205998383 22.121628782537833 -0.43725235389238815 -0.6947719803071672 0.5710536528169854 0.09828762680656956 0.5942500493455887 0.7982521038302987 0.0 0.0 0.0 0.0 0.0 0.0
80.87087012102974 6.204126730174909 22.4304519658957 0.16999604276761388 -0.800371860777601 0.5748967123916704 0.09828762680656956 0.5942500493455887 0.7982521038302987 0.0 0.0 0.0 0.0 0.0 0.0
80.58358055237967 6.316658463503444 22.870322872932398 0.7126601005979313 -0.601897089834717 0.360326899168302 0.09828762680656956 0.5942500493455887 0.7982521038302987 0.0 0.0 0.0 0.0 0.0 0.0
80.45874187608477 6.291987736265436 23.39233030797221 0.9845726711696146 -0.17475155128092879 0.008862872606406225 0.09828762680656956 0.5942500493455887 0.7982521038302987 0.0 0.0 0.0 0.0 0.0 0.0
80.55833657116261 6.227482387414375 23.916358035101524 0.8824296227867365 0.31878502329461456 -0.3459683074379912 0.09828762680656956 0.5942500493455887 0.7982521038302987 0.0 0.0 0.0 0.0 0.0 0.0
80.85908112652037 6.235644094653907 24.36152227566444 0.4450368072706514 0.6912098377191704 -0.5693603432050579 0.09828762680656956 0.5942500493455887 0.7982521038302987 0.0 0.0 0.0 0.0 0.0 0.0
81.26127183609859 6.401367106150472 24.676900808078816 -0.16143293194618027 0.8010324783820039 -0.5764428653912218 0.09828762680656956 0.5942500493455887 0.7982521038302987 0.0 0.0 0.0 0.0 0.0 0.0
81.62666390376016 6.7496854962987385 24.86087917118946 -0.706571601301968 0.6065294879586698 -0.3645251054045031 0.09828762680656956 0.5942500493455887 0.7982521038302987 0.0 0.0 0.0 0.0 0.0 0.0
81.83099295267266 7.23626230231166 24.96176402505335 -0.9832719060759381 0.1815958044275753 -0.014118163339859102 0.09828762680656956 0.5942500493455887 0.7982521038302987 0.0 0.0 0.0 0.0 0.0 0.0
81.81118513965644 7.764233877657768 25.05943064313969 -0.8864107743020668 -0.3123291613254956 0.3416525050207007 0.09828762680656956 0.5942500493455887 0.7982521038302987 0.0 0.0 0.0 0.0 0.0 0.0
81.58931996274713 8.221010010852279 25.23497696049561 -0.452787369373011 -0.6875950568259034 0.567623674598627 0.09828762680656956 0.5942500493455887 0.7982521038302987 0.0 0.0 0.0 0.0 0.0 0.0
81.26424189074226 8.521048829208114 25.539913112336592 0.15285752738196584 -0.8016320942618546 0.5779451200347843 0.09828762680656956 0.5942500493455887 0.7982521038302987 0.0 0.0 0.0 0.0 0.0 0.0
80.97400769691377 8.63835558645357 25.97659187247457 0.7004292938429625 -0.6111156965138399 0.36869555164261136 0.09828762680656956 0.5942500493455887 0.7982521038302987 0.0 0.0 0.0 0.0 0.0 0.0
80.84343638265582 8.616358501449916 26.497314795210507 0.9818962610197217 -0.1884262283506377 0.019372378920513023 0.09828762680656956 0.5942500493455887 0.7982521038302987 0.0 0.0 0.0 0.0 0.0 0.0
80.93668835199274 8.551409651764894 27.022453652330928 0.8903244222050554 0.30584951428151036 -0.33731068444239143 0.09828762680656956 0.5942500493455887 0.7982521038302987 0.0 0.0 0.0 0.0 0.0 0.0
81.23288980138538 8.55617920848391 27.470702528319205 0.46050344996415543 0.6839279129069269 -0.565843779251731 0.09828762680656956 0.5942500493455887 0.7982521038302987 0.0 0.0 0.0 0.0 0.0 0.0
81.63406302668713 8.716850154469883 27.789967297022752 -0.1442704821252294 0.8021706627540828 -0.5794033619198506 0.09828762680656956 0.5942500493455887 0.7982521038302987 0.0 0.0 0.0 0.0 0.0 0.0
82.00234979104896 9.060375928270984 27.97715705114572 -0.6942336459814087 0.6156553662426902 -0.37283792028699914 0.09828762680656956 0.5942500493455887 0.7982521038302987 0.0 0.0 0.0 0.0 0.0 0.0
82.21238597396521 9.54424036217873 28.0793583896079 -0.9804458407616632 0.19524230288688962 -0.024625119219508773 0.09828762680656956 0.5942500493455887 0.7982521038302987 0.0 0.0 0.0 0.0 0.0 0.0
82.19892949663009 10.072610285172852 28.175946431369166 -0.8941702684562619 -0.29934657561286804 0.33294317634951065 0.09828762680656956 0.5942500493455887 0.7982521038302987 0.0 0.0 0.0 0.0 0.0 0.0
81.98164687846524 10.532744146837066 28.348428880655373 -0.46818446143467335 -0.6802086852294479 0.5640207927102918 0.09828762680656956 0.5942500493455887 0.7982521038302987 0.0 0.0 0.0 0.0 0.0 0.0
81.65764159758493 10.83782441730043 28.649479887386832 0.13567245011271323 -0.8026481428446121 0.5808174799956555 0.09828762680656956 0.5942500493455887 0.7982521038302987 0.0 0.0 0.0 0.0 0.0 0.0
81.36456285597674 10.959941018347006 29.082928256958745 0.6879851295398784 -0.6201481514317944 0.3769518958802563 0.09828762680656956 0.5942500493455887 0.7982521038302987 0.0 0.0 0.0 0.0 0.0 0.0
81.22831034629465 10.940694828761714 29.602302823057375 0.9789207557568799 -0.20204350896586543 0.02987598422033605 0.09828762680656956 0.5942500493455887 0.7982521038302987 0.0 0.0 0.0 0.0 0.0 0.0
81.31520285368913 10.875392814950347 30.128487620699076 0.8979480201796044 0.29282084054352525 -0.3285503133447088 0.09828762680656956 0.5942500493455887 0.7982521038302987 0.0 0.0 0.0 0.0 0.0 0.0
81.60678264053752 10.876839320954495 30.579779364076003 0.47582981884580317 0.6764376570270534 -0.5621548538017924 0.09828762680656956 0.5942500493455887 0.7982521038302987 0.0 0.0 0.0 0.0 0.0 0.0
82.00682784956382 11.032479812162103 30.902927890840584 -0.12706408611784364 0.8030644981714848 -0.5821873665716324 0.09828762680656956 0.5942500493455887 0.7982521038302987 0.0 0.0 0.0 0.0 0.0 0.0
82.37790879616148 11.37117888099636 31.093366789076608 -0.681684220367091 0.6245937099381655 -0.3810371651272137 0.09828762680656956 0.5942500493455887 0.7982521038302987 0.0 0.0 0.0 0.0 0.0 0.0
82.59359980327724 11.852254105663892 31.196948253532533 -0.9773211221464999 0.20882932864938988 -0.03512457404929542 0.09828762680656956 0.5942500493455887 0.7982521038302987 0.0 0.0 0.0 0.0 0.0 0.0
82.58651042984825 12.380931982367876 31.292523070228725 -0.9016573896846629 -0.2862728060334734 0.32413242996151137 0.09828762680656956 0.5942500493455887 0.7982521038302987 0.0 0.0 0.0 0.0 0.0 0.0
82.37388822606995 12.844353963928944 31.461983884533485 -0.48343893997397763 -0.6726151154781417 0.5602461046247049 0.09828762680656956 0.5942500493455887 0.7982521038302987 0.0 0.0 0.0 0.0 0.0 0.0
82.05106610071316 13.154453308752904 31.75915281601561 0.11844604570086781 -0.8034196970276314 0.5835129173256146 0.09828762680656956 0.5942500493455887 0.7982521038302987 0.0 0.0 0.0 0.0 0.0 0.0
81.75524375520078 13.281413108359779 32.18933353536237 0.6753313983016749 -0.6289917032153123 0.38509341691880106 0.09828762680656956 0.5942500493455887 0.7982521038302987 0.0 0.0 0.0 0.0 0.0 0.0
81.61336322318061 13.26499422942747 32.70729631121276 0.975647061748816 -0.2155992451710223 0.04037048900595036 0.09828762680656956 0.5942500493455887 0.7982521038302987 0.0 0.0 0.0 0.0 0.0 0.0
81.69388146958485 13.199429495774588 33.2344615413023 0.9052980944885888 0.2797029707408915 -0.3196898626388429 0.09828762680656956 0.5942500493455887 0.7982521038302987 0.0 0.0 0.0 0.0 0.0 0.0
81.98076244511303 13.19762306310296 33.68875345714427 0.49101124535516344 0.6687413516840509 -0.5582946905376694 0.09828762680656956 0.5942500493455887 0.7982521038302987 0.0 0.0 0.0 0.0 0.0 0.0
82.3795694494696 13.348256242589686 34.01578208071141 -0.10981898515892913 0.8037137123632835 -0.5847940313117806 0.09828762680656956 0.5942500493455887 0.7982521038302987 0.0 0.0 0.0 0.0 0.0 0.0
82.75334321270373 13.682095988098512 34.20950688644046 -0.6689271471356263 0.6333417963390187 -0.38912034235574056 0.09828762680656956 0.5942500493455887 0.7982521038302987 0.0 0.0 0.0 0.0 0.0 0.0
82.97463501170047 14.160306016010944 34.314531697885826 -0.9738987020500087 0.22235274297540839 -0.045613329593567065 0.09828762680656956 0.5942500493455887 0.7982521038302987 0.0 0.0 0.0 0.0 0.0 0.0
82.97392657092114 14.68920135868096 34.409158949415115 -0.9088698573376149 -0.27311183498417396 0.3152229496954047 0.09828762680656956 0.5942500493455887 0.7982521038302987 0.0 0.0 0.0 0.0 0.0 0.0
82.76604121756408 15.155840849972856 34.57564128224598 -0.49854615832898774 -0.6648166606468919 0.5563007601484236 0.09828762680656956 0.5942500493455887 0.7982521038302987 0.0 0.0 0.0 0.0 0.0 0.0
82.44451225172914 15.470935362551808 34.8689323908567 0.10118356147608926 -0.8039465217880348 0.5860306109683399 0.09828762680656956 0.5942500493455887 0.7982521038302987 0.0 0.0 0.0 0.0 0.0 0.0
82.14604808191643 15.602770240192964 35.29580919567714 0.6624719545774664 -0.6376436580328513 0.39311763477206874 0.09828762680656956 0.5942500493455887 0.7982521038302987 0.0 0.0 0.0 0.0 0.0 0.0
81.99859441499436 15.589254225922046 35.81229717771333 0.9720761761944381 -0.22908930775754324 0.05085269654953589 0.09828762680656956 0.5942500493455887 0.7982521038302987 0.0 0.0 0.0 0.0 0.0 0.0
82.07272554302223 15.52351729673949 36.34037703352807 0.9123724062281721 0.26649990070382684 -0.3107320313039119 0.09828762680656956 0.5942500493455887 0.7982521038302987 0.0 0.0 0.0 0.0 0.0 0.0
82.35483198975766 15.518529028307803 36.797625513029885 0.5060431050826554 0.6608413412470824 -0.5542644653024863 0.09828762680656956 0.5942500493455887 0.7982521038302987 0.0 0.0 0.0 0.0 0.0 0.0
82.75229097821934 15.664179564406789 37.12852939022605 -0.09254043227329498 0.8041181075725465 -0.587222562124964 0.09828762680656956 0.5942500493455887 0.7982521038302987 0.0 0.0 0.0 0.0 0.0 0.0
83.12865537223253 15.993128848428551 37.32557586590884 -0.6559663122151012 0.6418969606933869 -0.39708498975849216 0.09828762680656956 0.5942500493455887 0.7982521038302987 0.0 0.0 0.0 0.0 0.0 0.0
83.35549222473628 16.468398564837685 37.43210680568188 -0.9701796229745043 0.2358084265019371 -0.056088190875778154 0.09828762680656956 0.5942500493455887 0.7982521038302987 0.0 0.0 0.0 0.0 0.0 0.0
83.36117660165625 16.99742081948766 37.525852440579975 -0.9158054744276015 -0.25986767142424466 0.3062174494651876 0.09828762680656956 0.5942500493455887 0.7982521038302987 0.0 0.0 0.0 0.0 0.0 0.0
83.15810309186459 17.467206230259734 37.689400352718806 -0.5135015146946453 -0.6568156962205854 0.5521859610715945 0.09828762680656956 0.5942500493455887 0.7982521038302987 0.0 0.0 0.0 0.0 0.0 0.0
82.83797689564094 17.787270482411586 37.97881907205846 0.08389025575829825 -0.8042284566498965 0.5883697940099579 0.09828762680656956 0.5942500493455887 0.7982521038302987 0.0 0.0 0.0 0.0 0.0 0.0
82.536973485857 17.92401083256501 38.40235670445576 0.6494107154783838 -0.6461013804151603 0.40102210518556847 0.09828762680656956 0.5942500493455887 0.7982521038302987 0.0 0.0 0.0 0.0 0.0 0.0
82.38400326910009 17.91347235272319 38.9173073383483 0.9682091868200777 -0.24250958752168303 0.061319413869131034 0.09828762680656956 0.5942500493455887 0.7982521038302987 0.0 0.0 0.0 0.0 0.0 0.0
82.45173636694358 17.847653804775227 39.44623573456172 0.919168800494468 0.25321565221536524 -0.3016795479821171 0.09828762680656956 0.5942500493455887 0.7982521038302987 0.0 0.0 0.0 0.0 0.0 0.0
82.72899402178146 17.839555772717198 39.90639626832026 0.5209208191781892 0.6527400321358562 -0.5500654057418917 0.09828762680656956 0.5942500493455887 0.7982521038302987 0.0 0.0 0.0 0.0 0.0 0.0
83.1249955937418 17.980249851523034 40.241169375532095 -0.07523369067553126 0.8042775606165758 -0.5894722192571714 0.09828762680656956 0.5942500493455887 0.7982521038302987 0.0 0.0 0.0 0.0 0.0 0.0
83.03471516493116 18.945382924262923 39.533802712423494 0.07523369067553126 -0.8042775606165758 0.5894722192571714 -0.09828762680656956 -0.5942500493455887 -0.7982521038302987 0.0 0.0 0.0 0.0 0.0 0.0
83.35409900479527 18.622843811280227 39.24631778142999 -0.5209208191781891 -0.6527400321358561 0.5500654057418916 -0.09828762680656956 -0.5942500493455887 -0.7982521038302987 0.0 0.0 0.0 0.0 0.0 0.0
83.55473892753693 18.151512587433665 39.08422027698318 -0.9191688004944676 -0.25321565221536524 0.301679547982117 -0.09828762680656956 -0.5942500493455887 -0.7982521038302987 0.0 0.0 0.0 0.0 0.0 0.0
83.5458542932842 17.62246084769717 38.99089063499125 -0.9682091868200771 0.24250958752168272 -0.06131941386913098 -0.09828762680656956 -0.5942500493455887 -0.7982521038302987 0.0 0.0 0.0 0.0 0.0 0.0
83.31626634443106 17.148689176066817 38.88358323067845 -0.6494107154783832 0.6461013804151595 -0.4010221051855681 -0.09828762680656956 -0.5942500493455887 -0.7982521038302987 0.0 0.0 0.0 0.0 0.0 0.0
82.9386452025509 16.82219633443171 38.68486282487041 -0.08389025575829834 0.8042284566498954 -0.5883697940099573 -0.09828762680656956 -0.5942500493455887 -0.7982521038302987 0.0 0.0 0.0 0.0 0.0 0.0
82.54190127423102 16.679027394795032 38.35202350600471 0.5135015146946443 0.6568156962205844 -0.5521859610715937 -0.09828762680656956 -0.5942500493455887 -0.7982521038302987 0.0 0.0 0.0 0.0 0.0 0.0
82.26221003234313 16.685579613778568 37.8933133799382 0.9158054744275997 0.2598676714242443 -0.30621744946518725 -0.09828762680656956 -0.5942500493455887 -0.7982521038302987 0.0 0.0 0.0 0.0 0.0 0.0
82.19127667716688 16.75136867664001 37.364800976630946 0.9701796229745023 -0.23580842650193654 0.05608819087577774 -0.09828762680656956 -0.5942500493455887 -0.7982521038302987 0.0 0.0 0.0 0.0 0.0 0.0
82.34149579757441 16.763405201260614 36.849073878198645 0.6559663122150998 -0.6418969606933854 0.39708498975849094 -0.09828762680656956 -0.5942500493455887 -0.7982521038302987 0.0 0.0 0.0 0.0 0.0 0.0
82.64124245949138 16.629121293493842 36.42386231567609 0.09254043227329511 -0.8041181075725445 0.5872225621249625 -0.09828762680656956 -0.5942500493455887 -0.7982521038302987 0.0 0.0 0.0 0.0 0.0 0.0
82.96208371585683 16.311538637804297 36.13250815466691 -0.5060431050826537 -0.6608413412470808 0.5542644653024849 -0.09828762680656956 -0.5942500493455887 -0.7982521038302987 0.0 0.0 0.0 0.0 0.0 0.0
83.16757243049604 15.84331717758408 35.96749859596338 -0.9123724062281693 -0.2664999007038264 0.31073203130391114 -0.09828762680656956 -0.5942500493455887 -0.7982521038302987 0.0 0.0 0.0 0.0 0.0 0.0
83.16508582642768 15.314347056612993 35.87332041357277 -0.9720761761944351 0.22908930775754213 -0.05085269654953564 -0.09828762680656956 -0.5942500493455887 -0.7982521038302987 0.0 0.0 0.0 0.0 0.0 0.0
82.94101442740939 14.837597850553543 35.76755035740362 -0.6624719545774644 0.6376436580328487 -0.39311763477206735 -0.09828762680656956 -0.5942500493455887 -0.7982521038302987 0.0 0.0 0.0 0.0 0.0 0.0
82.56593252550046 14.506199536406166 35.57216912401871 -0.10118356147608942 0.8039465217880316 -0.5860306109683379 -0.09828762680656956 -0.5942500493455887 -0.7982521038302987 0.0 0.0 0.0 0.0 0.0 0.0
82.16778582756929 14.358060857196586 35.243202194424086 0.4985461583289853 0.6648166606468893 -0.5563007601484217 -0.09828762680656956 -0.5942500493455887 -0.7982521038302987 0.0 0.0 0.0 0.0 0.0 0.0
81.88328274211601 14.361467156699948 34.7874264890496 0.9088698573376109 0.27311183498417296 -0.3152229496954039 -0.09828762680656956 -0.5942500493455887 -0.7982521038302987 0.0 0.0 0.0 0.0 0.0 0.0
81.80595656924046 14.427129307581431 34.25979570237355 0.9738987020500045 -0.22235274297540727 0.045613329593566385 -0.09828762680656956 -0.5942500493455887 -0.7982521038302987 0.0 0.0 0.0 0.0 0.0 0.0
81.95063063614097 14.44210614370533 33.742562475613575 0.6689271471356235 -0.6333417963390156 0.3891203423557383 -0.09828762680656956 -0.5942500493455887 -0.7982521038302987 0.0 0.0 0.0 0.0 0.0 0.0
82.24778666727887 14.312712697425622 33.31402924313728 0.10981898515892918 -0.8037137123632796 0.5847940313117775 -0.09828762680656956 -0.5942500493455887 -0.7982521038302987 0.0 0.0 0.0 0.0 0.0 0.0
82.56997593953922 14.000112685123817 33.01879982849907 -0.49101124535516033 -0.6687413516840478 0.5582946905376666 -0.09828762680656956 -0.5942500493455887 -0.7982521038302987 0.0 0.0 0.0 0.0 0.0 0.0
82.78023918297116 13.535073060663656 32.850833706135695 -0.9052980944885838 -0.27970297074089057 0.31968986263884136 -0.09828762680656956 -0.5942500493455887 -0.7982521038302987 0.0 0.0 0.0 0.0 0.0 0.0
82.78413969727919 13.006275135222243 32.755740898019894 -0.9756470617488109 0.21559924517102072 -0.0403704890059501 -0.09828762680656956 -0.5942500493455887 -0.7982521038302987 0.0 0.0 0.0 0.0 0.0 0.0
82.5656414331628 12.526623064501404 32.651445635664935 -0.6753313983016713 0.6289917032153085 -0.38509341691879895 -0.09828762680656956 -0.5942500493455887 -0.7982521038302987 0.0 0.0 0.0 0.0 0.0 0.0
82.1932013555542 12.190349672319748 32.45936831680635 -0.11844604570086736 0.8034196970276266 -0.5835129173256114 -0.09828762680656956 -0.5942500493455887 -0.7982521038302987 0.0 0.0 0.0 0.0 0.0 0.0
81.79376149810118 12.037215825355174 32.13427921008313 0.4834389399739746 0.6726151154781376 -0.5602461046247018 -0.09828762680656956 -0.5942500493455887 -0.7982521038302987 0.0 0.0 0.0 0.0 0.0 0.0
81.50452156222666 12.037404615127707 31.681481986182536 0.9016573896846574 0.28627280603347155 -0.32413242996150976 -0.09828762680656956 -0.5942500493455887 -0.7982521038302987 0.0 0.0 0.0 0.0 0.0 0.0
81.42081445670145 12.102849300043157 31.154798764673377 0.9773211221464937 -0.20882932864938863 0.035124574049294845 -0.09828762680656956 -0.5942500493455887 -0.7982521038302987 0.0 0.0 0.0 0.0 0.0 0.0
81.55988773172098 12.120691332922156 30.63612219092395 0.6816842203670865 -0.6245937099381615 0.3810371651272108 -0.09828762680656956 -0.5942500493455887 -0.7982521038302987 0.0 0.0 0.0 0.0 0.0 0.0
81.85435094622241 11.99615720996788 30.204303050954625 0.12706408611784303 -0.8030644981714794 0.5821873665716281 -0.09828762680656956 -0.5942500493455887 -0.7982521038302987 0.0 0.0 0.0 0.0 0.0 0.0
82.17777842315249 11.688564509386955 29.905193539513853 -0.47582981884579956 -0.6764376570270488 0.5621548538017882 -0.09828762680656956 -0.5942500493455887 -0.7982521038302987 0.0 0.0 0.0 0.0 0.0 0.0
82.39274047790465 11.226777823602575 29.734227244685425 -0.8979480201795976 -0.2928208405435235 0.3285503133447062 -0.09828762680656956 -0.5942500493455887 -0.7982521038302987 0.0 0.0 0.0 0.0 0.0 0.0
82.40301525320291 10.698242618002675 29.638154004121773 -0.9789207557568724 0.20204350896586343 -0.029875984220335983 -0.09828762680656956 -0.5942500493455887 -0.7982521038302987 0.0 0.0 0.0 0.0 0.0 0.0
82.19014501142459 10.215763236628854 29.535270532015048 -0.6879851295398731 0.620148151431789 -0.3769518958802536 -0.09828762680656956 -0.5942500493455887 -0.7982521038302987 0.0 0.0 0.0 0.0 0.0 0.0
81.82044853772018 9.874646645886898 29.346460863381612 -0.13567245011271228 0.8026481428446051 -0.580817479995651 -0.09828762680656956 -0.5942500493455887 -0.7982521038302987 0.0 0.0 0.0 0.0 0.0 0.0
81.41982552474364 9.71649372456173 29.025253831907715 0.4681844614346692 0.6802086852294419 -0.5640207927102875 -0.09828762680656956 -0.5942500493455887 -0.7982521038302987 0.0 0.0 0.0 0.0 0.0 0.0
81.12592517448257 9.71339439443741 28.575478242988574 0.894170268456254 0.29934657561286526 -0.33294317634950815 -0.09828762680656956 -0.5942500493455887 -0.7982521038302987 0.0 0.0 0.0 0.0 0.0 0.0
81.03585096505122 9.778531125642996 28.049808246544487 0.9804458407616543 -0.19524230288688804 0.0246251192195082 -0.09828762680656956 -0.5942500493455887 -0.7982521038302987 0.0 0.0 0.0 0.0 0.0 0.0
81.16926941587127 9.799162367762207 27.529751546801318 0.6942336459814024 -0.6156553662426848 0.37283792028699536 -0.09828762680656956 -0.5942500493455887 -0.7982521038302987 0.0 0.0 0.0 0.0 0.0 0.0
81.46093844813686 9.679454949774776 27.09468326271893 0.14427048212522808 -0.8021706627540754 0.579403361919845 -0.09828762680656956 -0.5942500493455887 -0.7982521038302987 0.0 0.0 0.0 0.0 0.0 0.0
81.78549394134237 9.376892703972217 26.79168999321713 -0.460503449964151 -0.6839279129069206 0.5658437792517254 -0.09828762680656956 -0.5942500493455887 -0.7982521038302987 0.0 0.0 0.0 0.0 0.0 0.0
82.0050776586388 8.918429068902702 26.617680831000055 -0.8903244222050468 -0.30584951428150764 0.33731068444238793 -0.09828762680656956 -0.5942500493455887 -0.7982521038302987 0.0 0.0 0.0 0.0 0.0 0.0
82.02171189587949 8.390247027429151 26.52056164991512 -0.9818962610197122 0.18842622835063566 -0.019372378920513127 -0.09828762680656956 -0.5942500493455887 -0.7982521038302987 0.0 0.0 0.0 0.0 0.0 0.0
81.81452284952532 7.905016750636966 26.4190265344457 -0.7004292938429556 0.6111156965138337 -0.368695551642608 -0.09828762680656956 -0.5942500493455887 -0.7982521038302987 0.0 0.0 0.0 0.0 0.0 0.0
81.44767092360061 7.559090316093892 26.233447256378327 -0.15285752738196434 0.8016320942618462 -0.5779451200347787 -0.09828762680656956 -0.5942500493455887 -0.7982521038302987 0.0 0.0 0.0 0.0 0.0 0.0
81.04597511949952 7.3958959426611965 25.916125370013955 0.45278736937300634 0.6875950568258961 -0.5676236745986213 -0.09828762680656956 -0.5942500493455887 -0.7982521038302987 0.0 0.0 0.0 0.0 0.0 0.0
80.74749221049397 7.389438884067173 25.469413649164526 0.8864107743020574 0.31232916132549204 -0.3416525050206973 -0.09828762680656956 -0.5942500493455887 -0.7982521038302987 0.0 0.0 0.0 0.0 0.0 0.0
80.65106666538153 7.454177267624748 24.944822229045517 0.9832719060759272 -0.18159580442757356 0.014118163339858748 -0.09828762680656956 -0.5942500493455887 -0.7982521038302987 0.0 0.0 0.0 0.0 0.0 0.0
80.77877798219781 7.477520881849136 24.423449044704057 0.7065716013019601 -0.6065294879586632 0.36452510540449884 -0.09828762680656956 -0.5942500493455887 -0.7982521038302987 0.0 0.0 0.0 0.0 0.0 0.0
81.06755231776316 7.36260608020887 23.98516936960935 0.16143293194617825 -0.8010324783819949 0.5764428653912149 -0.09828762680656956 -0.5942500493455887 -0.7982521038302987 0.0 0.0 0.0 0.0 0.0 0.0
81.39312529524514 7.065095899916905 23.67828986381837 -0.4450368072706463 -0.6912098377191624 0.5693603432050509 -0.09828762680656956 -0.5942500493455887 -0.7982521038302987 0.0 0.0 0.0 0.0 0.0 0.0
81.61725211850668 6.610024415367909 23.501196066175936 -0.882429622786726 -0.31878502329461084 0.3459683074379867 -0.09828762680656956 -0.5942500493455887 -0.7982521038302987 0.0 0.0 0.0 0.0 0.0 0.0
81.6402290814883 6.082285874728321 23.402965755099896 -0.9845726711696026 0.1747515512809265 -0.008862872606406488 -0.09828762680656956 -0.5942500493455887 -0.7982521038302987 0.0 0.0 0.0 0.0 0.0 0.0
81.43877267309718 5.594381955701786 23.302715151934354 -0.7126601005979224 0.6018970898347094 -0.36032689916829796 -0.09828762680656956 -0.5942500493455887 -0.7982521038302987 0.0 0.0 0.0 0.0 0.0 0.0
81.07486537235089 5.243680497241792 23.120328020765697 -0.1699960427676117 0.8003718607775905 -0.5748967123916635 -0.09828762680656956 -0.5942500493455887 -0.7982521038302987 0.0 0.0 0.0 0.0 0.0 0.0
80.67220746830677 5.075423829629786 22.806893165918208 0.43725235389238243 0.6947719803071579 -0.5710536528169784 -0.09828762680656956 -0.5942500493455887 -0.7982521038302987 0.0 0.0 0.0 0.0 0.0 0.0
80.3692212520906 5.065540456789829 22.363286612942865 0.8783812708391541 0.3252166085499784 -0.35025776302919515 -0.09828762680656956 -0.5942500493455887 -0.7982521038302987 0.0 0.0 0.0 0.0 0.0 0.0
80.26646207420052 5.1297902201017935 21.839838791864135 0.9857984572424403 -0.16789399012707235 0.0036069069308899927 -0.09828762680656956 -0.5942500493455887 -0.7982521038302987 0.0 0.0 0.0 0.0 0.0 0.0
80.38841568565704 5.155768543081501 21.317213165333797 0.7186943280680484 -0.5972188549170263 0.3561012526436618 -0.09828762680656956 -0.5942500493455887 -0.7982521038302987 0.0 0.0 0.0 0.0 0.0 0.0
80.67419569181043 5.045610809291354 20.875760830548323 0.1785462077322219 -0.7996502917572235 0.5733067787816591 -0.09828762680656956 -0.5942500493455887 -0.7982521038302987 0.0 0.0 0.0 0.0 0.0 0.0
81.00067531163432 4.7531727663341155 20.564993794025252 -0.4294346020544786 -0.6982812133189352 0.5727034744823186 -0.09828762680656956 -0.5942500493455887 -0.7982521038302987 0.0 0.0 0.0 0.0 0.0 0.0
81.22926530040773 4.301561498829376 20.384774532530564 -0.8742660267570166 -0.33162342730147887 0.3545205451356696 -0.09828762680656956 -0.5942500493455887 -0.7982521038302987 0.0 0.0 0.0 0.0 0.0 0.0
