t = 0
b =  100.0 100.0 100.0
E = 0. 0. 0.
47.728865063006175 81.50982009490046 39.106665188902134 -0.6570125763845246 0.6548042568430557 0.3735851438330793 0.5993276766288699 0.15306460711284095 0.7857337730275009 0.0 0.0 0.0 0.0 0.0 0.0
48.04847329746928 81.90450780505164 39.282042753138136 -0.8003668564872218 0.09642290373725153 0.5917056013522595 0.5993276766288699 0.15306460711284095 0.7857337730275009 0.0 0.0 0.0 0.0 0.0 0.0
48.18563788181254 82.32117511914367 39.59229962782043 -0.6396483863901838 -0.49859112260331495 0.5850272081276218 0.5993276766288699 0.15306460711284095 0.7857337730275009 0.0 0.0 0.0 0.0 0.0 0.0
48.17699459635159 82.6241885711501 40.035913473003326 -0.23591679995280002 -0.904182045467852 0.35608719740198624 0.5993276766288699 0.15306460711284095 0.7857337730275009 0.0 0.0 0.0 0.0 0.0 0.0
48.11457406891827 82.72109369744199 40.5606974060383 0.2574435231052062 -0.9662590921415133 -0.008136293077119772 0.5993276766288699 0.15306460711284095 0.7857337730275009 0.0 0.0 0.0 0.0 0.0 0.0
48.11083780067726 82.59774003327684 41.08362667081034 0.6529967475093728 -0.6612381547201021 -0.36926866978466194 0.5993276766288699 0.15306460711284095 0.7857337730275009 0.0 0.0 0.0 0.0 0.0 0.0
48.255952161577575 82.32365711093735 41.52238113068591 0.800465590011317 -0.105001787008132 -0.5901097049980892 0.5993276766288699 0.15306460711284095 0.7857337730275009 0.0 0.0 0.0 0.0 0.0 0.0
48.58353267890766 82.02563902794546 41.82662006473933 0.6438241717969858 0.4911265151244874 -0.5867581971746119 0.5993276766288699 0.15306460711284095 0.7857337730275009 0.0 0.0 0.0 0.0 0.0 0.0
49.05787293645682 81.83957324952954 41.99710744928443 0.24258318655085576 0.9006676429638656 -0.3604874401705917 0.5993276766288699 0.15306460711284095 0.7857337730275009 0.0 0.0 0.0 0.0 0.0 0.0
49.58751003901314 81.85881468866675 42.085421710499894 -0.2508192070405381 0.968030074881309 0.002738522382828179 0.5993276766288699 0.15306460711284095 0.7857337730275009 0.0 0.0 0.0 0.0 0.0 0.0
50.05997289543253 82.09871861383229 42.17436021797868 -0.6489311904037182 0.667621696751579 0.364924074497359 0.5993276766288699 0.15306460711284095 0.7857337730275009 0.0 0.0 0.0 0.0 0.0 0.0
50.38451186658075 82.4908069257791 42.3464831797215 -0.8005033649816039 0.11357267398640084 0.588468869505181 0.5993276766288699 0.15306460711284095 0.7857337730275009 0.0 0.0 0.0 0.0 0.0 0.0
50.52657607049353 82.90878413233466 42.65274763878423 -0.6479509275004383 -0.4836245064600595 0.5884445023131608 0.5993276766288699 0.15306460711284095 0.7857337730275009 0.0 0.0 0.0 0.0 0.0 0.0
50.52093984009479 83.21651911742539 43.093148040664666 -0.24923109950005623 -0.8970846511317909 0.36486023042494475 0.5993276766288699 0.15306460711284095 0.7857337730275009 0.0 0.0 0.0 0.0 0.0 0.0
50.45849137272294 83.31976362806382 43.616718343550815 0.24417579012216833 -0.9697273383830216 0.002659456860546028 0.5993276766288699 0.15306460711284095 0.7857337730275009 0.0 0.0 0.0 0.0 0.0 0.0
50.45170278439244 83.20195876140534 44.140894869712014 0.6448162146754756 -0.6739543968060459 -0.3605516888289215 0.5993276766288699 0.15306460711284095 0.7857337730275009 0.0 0.0 0.0 0.0 0.0 0.0
50.59190007248638 82.9305259687889 44.58288362705987 0.8004801785213732 -0.12213491196583104 -0.5867832198295095 0.5993276766288699 0.15306460711284095 0.7857337730275009 0.0 0.0 0.0 0.0 0.0 0.0
50.914566842461426 82.63125251914687 44.891115130984446 0.6520283392321181 0.47608566791703644 -0.5900859951246025 0.5993276766288699 0.15306460711284095 0.7857337730275009 0.0 0.0 0.0 0.0 0.0 0.0
51.385863492880524 82.44050281248659 45.06483651375328 0.2558600325360928 0.8934333428303283 -0.36920523516013637 0.5993276766288699 0.15306460711284095 0.7857337730275009 0.0 0.0 0.0 0.0 0.0 0.0
51.915483445766874 82.4534112644364 45.154397551550296 -0.23751377827201522 0.9713507533934643 -0.008057233575983036 0.5993276766288699 0.15306460711284095 0.7857337730275009 0.0 0.0 0.0 0.0 0.0 0.0
52.39096212542273 82.68773915118585 45.242121942700145 -0.6406521336959772 0.6802357726238752 0.3561518457534479 0.5993276766288699 0.15306460711284095 0.7857337730275009 0.0 0.0 0.0 0.0 0.0 0.0
52.72040413104445 83.07712680370857 45.411031158295835 -0.8003960323963624 0.1306878488988506 0.585052884339825 0.5993276766288699 0.15306460711284095 0.7857337730275009 0.0 0.0 0.0 0.0 0.0 0.0
52.867395835896914 83.49630475549986 45.7133031972855 -0.6560560964813344 -0.46851057360716064 0.5916825506029051 0.5993276766288699 0.15306460711284095 0.7857337730275009 0.0 0.0 0.0 0.0 0.0 0.0
52.86483953291363 83.80868570729571 46.15044929230241 -0.26246948084004884 -0.889713996120741 0.37352212348723496 0.5993276766288699 0.15306460711284095 0.7857337730275009 0.0 0.0 0.0 0.0 0.0 0.0
52.80245330351424 83.91825632568093 46.67273976712113 0.23083367882807523 -0.9729001962832986 0.013454396701889026 0.5993276766288699 0.15306460711284095 0.7857337730275009 0.0 0.0 0.0 0.0 0.0 0.0
52.7926856184669 83.80605431371103 47.19809717209139 0.636439264576113 -0.6864653458539793 -0.35172488033602145 0.5993276766288699 0.15306460711284095 0.7857337730275009 0.0 0.0 0.0 0.0 0.0 0.0
52.927994283805276 83.53737250455406 47.64327887952201 0.8002509330146258 -0.13923083344619774 -0.5832779948078732 0.5993276766288699 0.15306460711284095 0.7857337730275009 0.0 0.0 0.0 0.0 0.0 0.0
53.24572017450427 83.23695302253212 47.95550234968331 0.6600338925187798 0.4608998004031924 -0.5932340471641867 0.5993276766288699 0.15306460711284095 0.7857337730275009 0.0 0.0 0.0 0.0 0.0 0.0
53.71390081177091 83.04159566451432 48.1324981001274 0.26905894107684747 0.8859268942456815 -0.3778105666584798 0.5993276766288699 0.15306460711284095 0.7857337730275009 0.0 0.0 0.0 0.0 0.0 0.0
54.24341344312197 83.04818536991554 48.22337192001386 -0.22413600050578308 0.9743755490564497 -0.018850535223394804 0.5993276766288699 0.15306460711284095 0.7857337730275009 0.0 0.0 0.0 0.0 0.0 0.0
54.7218342661053 83.27688401238296 48.309948759803014 -0.632177928142176 0.692642642090238 0.34727112970719975 0.5993276766288699 0.15306460711284095 0.7857337730275009 0.0 0.0 0.0 0.0 0.0 0.0
55.0561501104771 83.6634705669089 48.47568606453582 -0.8000448914260424 0.14776321502652381 0.5814586863983646 0.5993276766288699 0.15306460711284095 0.7857337730275009 0.0 0.0 0.0 0.0 0.0 0.0
55.20809569667489 84.08373975094949 48.773966895128765 -0.6639614244198843 -0.4532539278949773 0.5947403666559781 0.5993276766288699 0.15306460711284095 0.7857337730275009 0.0 0.0 0.0 0.0 0.0 0.0
55.20869125528459 84.40068968786477 49.20781881101448 -0.27562791143357857 -0.8820723256076197 0.3820702380923208 0.5993276766288699 0.15306460711284095 0.7857337730275009 0.0 0.0 0.0 0.0 0.0 0.0
55.146457422810364 84.51657121040334 49.72876364969518 0.2174212533592751 -0.9757766993590918 0.024245238203660868 0.5993276766288699 0.15306460711284095 0.7857337730275009 0.0 0.0 0.0 0.0 0.0 0.0
55.13378477188055 84.41002440362016 50.25523519118729 0.627868448911435 -0.6987671909076265 -0.34279093303733565 0.5993276766288699 0.15306460711284095 0.7857337730275009 0.0 0.0 0.0 0.0 0.0 0.0
55.26423475363601 84.14419359368284 50.70356752870761 0.7997779233214773 -0.15628434386593723 -0.5795950976586777 0.5993276766288699 0.15306460711284095 0.7857337730275009 0.0 0.0 0.0 0.0 0.0 0.0
55.576994138177646 83.84273776264378 51.01978114547965 0.6678383930878883 0.4455735383453091 -0.5962013943662174 0.5993276766288699 0.15306460711284095 0.7857337730275009 0.0 0.0 0.0 0.0 0.0 0.0
56.04198730543724 83.64285043369054 51.2000906356464 0.28217589165771745 0.8781505837468812 -0.3863008133982859 0.5993276766288699 0.15306460711284095 0.7857337730275009 0.0 0.0 0.0 0.0 0.0 0.0
56.57130247607888 83.64313755793343 51.292342843244036 -0.21068994874254288 0.9771035404882047 -0.02963809481516827 0.5993276766288699 0.15306460711284095 0.7857337730275009 0.0 0.0 0.0 0.0 0.0 0.0
57.05259086627529 83.86615546497522 51.377839046195994 -0.6235111550674175 0.7048385258980402 0.33828463151075194 0.5993276766288699 0.15306460711284095 0.7857337730275009 0.0 0.0 0.0 0.0 0.0 0.0
57.39174986905527 84.24984133617325 51.540447241544975 -0.799450049031585 0.16479357104748574 0.5776873705083104 0.5993276766288699 0.15306460711284095 0.7857337730275009 0.0 0.0 0.0 0.0 0.0 0.0
57.548674208003774 84.67109190707679 51.83473929117828 -0.671664503276617 -0.43785921664558763 0.5976170190319884 0.5993276766288699 0.15306460711284095 0.7857337730275009 0.0 0.0 0.0 0.0 0.0 0.0
57.55249260229642 84.99253245576871 52.26525815910397 -0.2887023830952181 -0.8741619673192917 0.3905019704016864 0.5993276766288699 0.15306460711284095 0.7857337730275009 0.0 0.0 0.0 0.0 0.0 0.0
57.490501279278476 85.11470775650464 52.78479196346989 0.20394259927049463 -0.9783559713996991 0.03502869437100714 0.5993276766288699 0.15306460711284095 0.7857337730275009 0.0 0.0 0.0 0.0 0.0 0.0
57.47499867818131 85.013866782776 53.31231055981986 0.6191063784349202 -0.7108561847058135 -0.33375256829975625 0.5993276766288699 0.15306460711284095 0.7857337730275009 0.0 0.0 0.0 0.0 0.0 0.0
57.600621395528584 84.75098611937656 53.76375024772436 0.7990612935252626 -0.17329024856057484 -0.5757356502280714 0.5993276766288699 0.15306460711284095 0.7857337730275009 0.0 0.0 0.0 0.0 0.0 0.0
57.90839015987745 84.44860393836514 54.08395097604382 0.6754394636129666 0.4301115502712779 -0.5989871328479918 0.5993276766288699 0.15306460711284095 0.7857337730275009 0.0 0.0 0.0 0.0 0.0 0.0
58.37012537120962 84.24426569877154 54.26761256858343 0.29520688872848944 0.8701067800734357 -0.394673389168151 0.5993276766288699 0.15306460711284095 0.7857337730275009 0.0 0.0 0.0 0.0 0.0 0.0
58.899153002116144 84.23826832707363 54.36130834964374 -0.1971797187799162 0.9795338967161126 -0.040416626356150454 0.5993276766288699 0.15306460711284095 0.7857337730275009 0.0 0.0 0.0 0.0 0.0 0.0
59.38323350992252 84.45555573795323 54.44579115945446 -0.6146544544547375 0.7168197090629299 0.32919508853850904 0.5993276766288699 0.15306460711284095 0.7857337730275009 0.0 0.0 0.0 0.0 0.0 0.0
59.72720351549581 84.8362422240685 54.60531400005567 -0.7986116864077466 0.1817737293503155 0.5737400854490162 0.5993276766288699 0.15306460711284095 0.7857337730275009 0.0 0.0 0.0 0.0 0.0 0.0
59.88912996202411 85.25836403750868 54.895620911187734 -0.6791629866190919 -0.4223311292371704 0.6003116314747555 0.5993276766288699 0.15306460711284095 0.7857337730275009 0.0 0.0 0.0 0.0 0.0 0.0
59.89624118438268 85.58421545675058 55.32276887760331 -0.3016889132142444 -0.8659853308275216 0.39881475202799005 0.5993276766288699 0.15306460711284095 0.7857337730275009 0.0 0.0 0.0 0.0 0.0 0.0
59.83458240948141 85.71266549258209 55.840826679292384 0.19040182229034003 -0.9806372267338714 0.045801480458717236 0.5993276766288699 0.15306460711284095 0.7857337730275009 0.0 0.0 0.0 0.0 0.0 0.0
59.81632573596223 85.61757924172382 56.36932492989317 0.6101557221581162 -0.7227286448239209 -0.3246125392967393 0.5993276766288699 0.15306460711284095 0.7857337730275009 0.0 0.0 0.0 0.0 0.0 0.0
59.93715407850757 85.35774697353723 56.82382774194731 0.7981012619183594 -0.19024336736680053 -0.5717008281411294 0.5993276766288699 0.15306460711284095 0.7857337730275009 0.0 0.0 0.0 0.0 0.0 0.0
60.23990962881949 85.05454872377338 57.1480113322381 0.6828347887342991 0.4145185460524501 -0.601590414046582 0.5993276766288699 0.15306460711284095 0.7857337730275009 0.0 0.0 0.0 0.0 0.0 0.0
60.69831739070882 84.84583998962502 57.33506236871789 0.30814796292122115 0.8617979334458662 -0.40292574360038846 0.5993276766288699 0.15306460711284095 0.7857337730275009 0.0 0.0 0.0 0.0 0.0 0.0
61.226967490441936 84.83357812152217 57.4302664692659 -0.1836094259648265 0.9816658774301226 -0.051182846601219856 0.5993276766288699 0.15306460711284095 0.7857337730275009 0.0 0.0 0.0 0.0 0.0 0.0
61.71376381574909 85.04508702106766 57.51380343832069 -0.6056105241409391 0.7285825420004504 0.3200052695533129 0.5993276766288699 0.15306460711284095 0.7857337730275009 0.0 0.0 0.0 0.0 0.0 0.0
62.06251120302275 85.42267633398704 57.67028561863914 -0.7975300589279029 0.1986985176143033 0.5696180336017491 0.5993276766288699 0.15306460711284095 0.7857337730275009 0.0 0.0 0.0 0.0 0.0 0.0
62.22946158826948 85.84555898024865 57.95661224764017 -0.6864545903366427 -0.40667439567557406 0.6028233831792259 0.5993276766288699 0.15306460711284095 0.7857337730275009 0.0 0.0 0.0 0.0 0.0 0.0
61.405716079865506 85.35754970543798 58.68000030745524 0.6864545903366427 0.40667439567557406 -0.6028233831792259 -0.5993276766288699 -0.15306460711284095 -0.7857337730275009 0.0 0.0 0.0 0.0 0.0 0.0
61.105475132309266 85.6611145551242 58.353827258961246 0.7975300589279029 -0.1986985176143032 -0.569618033601749 -0.5993276766288699 -0.15306460711284095 -0.7857337730275009 0.0 0.0 0.0 0.0 0.0 0.0
60.98703118677996 85.9193860714682 57.89780976178467 0.6056105241409391 -0.7285825420004501 -0.32000526955331265 -0.5993276766288699 -0.15306460711284095 -0.7857337730275009 0.0 0.0 0.0 0.0 0.0 0.0
61.00663617928414 86.0115771744383 57.36884705334444 0.18360942596482654 -0.9816658774301221 0.051182846601220064 -0.5993276766288699 -0.15306460711284095 -0.7857337730275009 0.0 0.0 0.0 0.0 0.0 0.0
61.06809494621429 85.87999750976006 56.851551476397425 -0.3081479629212208 -0.8617979334458656 0.40292574360038835 -0.5993276766288699 -0.15306460711284095 -0.7857337730275009 0.0 0.0 0.0 0.0 0.0 0.0
61.05931137530065 85.55197097903631 56.426102835382196 -0.6828347887342985 -0.4145185460524498 0.6015904140465816 -0.5993276766288699 -0.15306460711284095 -0.7857337730275009 0.0 0.0 0.0 0.0 0.0 0.0
60.894875592809605 85.12945493269707 56.13778674817796 -0.7981012619183584 0.19024336736680023 0.5717008281411291 -0.5993276766288699 -0.15306460711284095 -0.7857337730275009 0.0 0.0 0.0 0.0 0.0 0.0
60.54851260255197 84.7503048679351 55.97978988273708 -0.6101557221581154 0.7227286448239199 0.32461253929673917 -0.5993276766288699 -0.15306460711284095 -0.7857337730275009 0.0 0.0 0.0 0.0 0.0 0.0
60.06306459622982 84.53590082050144 55.89578845584284 -0.1904018222903399 0.98063722673387 -0.045801480458716834 -0.5993276766288699 -0.15306460711284095 -0.7857337730275009 0.0 0.0 0.0 0.0 0.0 0.0
59.534214488525585 84.54503305975756 55.80134658003689 0.3016889132142438 0.8659853308275204 -0.3988147520279891 -0.5993276766288699 -0.15306460711284095 -0.7857337730275009 0.0 0.0 0.0 0.0 0.0 0.0
59.0741343780812 84.75156668242407 55.61599486895744 0.6791629866190908 0.42233112923717003 -0.6003116314747543 -0.5993276766288699 -0.15306460711284095 -0.7857337730275009 0.0 0.0 0.0 0.0 0.0 0.0
58.76886949180652 85.05437069928887 55.29380210259448 0.7986116864077454 -0.18177372935031488 -0.573740085449015 -0.5993276766288699 -0.15306460711284095 -0.7857337730275009 0.0 0.0 0.0 0.0 0.0 0.0
58.64564816457684 85.31573938882875 54.84082526570067 0.6146544544547367 -0.7168197090629282 -0.3291950885385082 -0.5993276766288699 -0.15306460711284095 -0.7857337730275009 0.0 0.0 0.0 0.0 0.0 0.0
58.66253733958025 85.41370900313296 54.312808398016365 0.19717971877991625 -0.9795338967161104 0.04041662635615058 -0.5993276766288699 -0.15306460711284095 -0.7857337730275009 0.0 0.0 0.0 0.0 0.0 0.0
58.724373637683804 85.28839383485966 53.794004501581654 -0.29520688872848827 -0.8701067800734337 0.3946733891681503 -0.5993276766288699 -0.15306460711284095 -0.7857337730275009 0.0 0.0 0.0 0.0 0.0 0.0
58.718917516213004 84.96473779869068 53.36516641662624 -0.6754394636129645 -0.43011155027127695 0.5989871328479905 -0.5993276766288699 -0.15306460711284095 -0.7857337730275009 0.0 0.0 0.0 0.0 0.0 0.0
58.5594949477589 84.54303782110387 53.07286746745068 -0.7990612935252602 0.1732902485605742 0.5757356502280703 -0.5993276766288699 -0.15306460711284095 -0.7857337730275009 0.0 0.0 0.0 0.0 0.0 0.0
58.21792633230321 84.16083936112904 52.91180747786015 -0.6191063784349184 0.7108561847058115 0.3337525682997558 -0.5993276766288699 -0.15306460711284095 -0.7857337730275009 0.0 0.0 0.0 0.0 0.0 0.0
57.73523239840307 83.94068059082501 52.8268263967151 -0.20394259927049402 0.9783559713996963 -0.03502869437100652 -0.5993276766288699 -0.15306460711284095 -0.7857337730275009 0.0 0.0 0.0 0.0 0.0 0.0
57.20604974258216 83.94353809498556 52.733860523585996 0.2887023830952173 0.8741619673192892 -0.3905019704016847 -0.5993276766288699 -0.15306460711284095 -0.7857337730275009 0.0 0.0 0.0 0.0 0.0 0.0
56.742676804071834 84.14566084710209 52.551879714016664 0.671664503276615 0.4378592166455865 -0.597617019031986 -0.5993276766288699 -0.15306460711284095 -0.7857337730275009 0.0 0.0 0.0 0.0 0.0 0.0
56.43240981021737 84.44759362143023 52.23367208615495 0.7994500490315827 -0.16479357104748493 -0.5776873705083081 -0.5993276766288699 -0.15306460711284095 -0.7857337730275009 0.0 0.0 0.0 0.0 0.0 0.0
56.30437748019438 84.71196169605287 51.783780604008896 0.6235111550674157 -0.7048385258980374 -0.3382846315107504 -0.5993276766288699 -0.15306460711284095 -0.7857337730275009 0.0 0.0 0.0 0.0 0.0 0.0
56.318474537587825 84.81566180651927 51.25677712946584 0.2106899487425426 -0.9771035404882008 0.029638094815168464 -0.5993276766288699 -0.15306460711284095 -0.7857337730275009 0.0 0.0 0.0 0.0 0.0 0.0
56.380598375426494 84.69663113418679 50.736529659568454 -0.2821758916577157 -0.8781505837468775 0.38630081339828465 -0.5993276766288699 -0.15306460711284095 -0.7857337730275009 0.0 0.0 0.0 0.0 0.0 0.0
56.37840020988311 84.37742600865815 50.30433947224019 -0.667838393087885 -0.4455735383453074 0.5962013943662153 -0.5993276766288699 -0.15306460711284095 -0.7857337730275009 0.0 0.0 0.0 0.0 0.0 0.0
56.223968261621785 83.95665238104371 50.008053411517196 -0.7997779233214735 0.1562843438659363 0.5795950976586756 -0.5993276766288699 -0.15306460711284095 -0.7857337730275009 0.0 0.0 0.0 0.0 0.0 0.0
55.88722691057427 83.57150377453101 49.84388607154249 -0.6278684489114319 0.6987671909076231 0.3427909330373347 -0.5993276766288699 -0.15306460711284095 -0.7857337730275009 0.0 0.0 0.0 0.0 0.0 0.0
55.40736292684149 83.34563917117244 49.757857935539576 -0.21742125335927404 0.9757766993590872 -0.024245238203660112 -0.5993276766288699 -0.15306460711284095 -0.7857337730275009 0.0 0.0 0.0 0.0 0.0 0.0
54.8779377615643 83.34220289713562 49.66630309672526 0.2756279114335772 0.8820723256076155 -0.3820702380923183 -0.5993276766288699 -0.15306460711284095 -0.7857337730275009 0.0 0.0 0.0 0.0 0.0 0.0
54.41134198737103 83.53983503747551 49.48765533511594 0.6639614244198809 0.4532539278949754 -0.5947403666559745 -0.5993276766288699 -0.15306460711284095 -0.7857337730275009 0.0 0.0 0.0 0.0 0.0 0.0
54.09609624076585 83.84078642494072 49.17343648821386 0.8000448914260384 -0.14776321502652262 -0.5814586863983612 -0.5993276766288699 -0.15306460711284095 -0.7857337730275009 0.0 0.0 0.0 0.0 0.0 0.0
53.963220752334685 84.10805518289125 48.72667411545165 0.632177928142173 -0.6926426420902339 -0.34727112970719765 -0.5993276766288699 -0.15306460711284095 -0.7857337730275009 0.0 0.0 0.0 0.0 0.0 0.0
53.97445024251504 84.21743602878328 48.20075127774578 0.2241360005057825 -0.9743755490564441 0.018850535223394856 -0.5993276766288699 -0.15306460711284095 -0.7857337730275009 0.0 0.0 0.0 0.0 0.0 0.0
54.03677154106313 84.10470793760913 47.679125420137225 -0.2690589410768452 -0.8859268942456765 0.3778105666584778 -0.5993276766288699 -0.15306460711284095 -0.7857337730275009 0.0 0.0 0.0 0.0 0.0 0.0
54.037760845526805 83.79003278301595 47.24362149308629 -0.6600338925187753 -0.46089980040319 0.5932340471641835 -0.5993276766288699 -0.15306460711284095 -0.7857337730275009 0.0 0.0 0.0 0.0 0.0 0.0
53.88829540342282 83.37029550441862 46.943345285752564 -0.8002509330146206 0.13923083344619644 0.5832779948078701 -0.5993276766288699 -0.15306460711284095 -0.7857337730275009 0.0 0.0 0.0 0.0 0.0 0.0
53.55641273595823 82.98229589868626 46.77602731568816 -0.6364392645761089 0.6864653458539747 0.35172488033601995 -0.5993276766288699 -0.15306460711284095 -0.7857337730275009 0.0 0.0 0.0 0.0 0.0 0.0
53.07945371810793 82.75077609014097 46.688885043163395 -0.23083367882807382 0.9729001962832923 -0.013454396701888192 -0.5993276766288699 -0.15306460711284095 -0.7857337730275009 0.0 0.0 0.0 0.0 0.0 0.0
52.54987615590557 82.74102891195082 46.59867584048709 0.262469480840047 0.8897139961207353 -0.3735221234872318 -0.5993276766288699 -0.15306460711284095 -0.7857337730275009 0.0 0.0 0.0 0.0 0.0 0.0
52.08012852011932 82.93409206717126 46.42332225800898 0.65605609648133 0.468510573607158 -0.5916825506029005 -0.5993276766288699 -0.15306460711284095 -0.7857337730275009 0.0 0.0 0.0 0.0 0.0 0.0
51.759928892168816 83.23395222238717 46.11309461950362 0.8003960323963571 -0.130687848898849 -0.5850528843398206 -0.5993276766288699 -0.15306460711284095 -0.7857337730275009 0.0 0.0 0.0 0.0 0.0 0.0
51.62217956498756 83.5040220783345 45.66950415760428 0.6406521336959733 -0.6802357726238698 -0.3561518457534451 -0.5993276766288699 -0.15306460711284095 -0.7857337730275009 0.0 0.0 0.0 0.0 0.0 0.0
51.63046691184045 83.61903216850855 45.14472887125911 0.2375137782720143 -0.9713507533934569 0.008057233575983086 -0.5993276766288699 -0.15306460711284095 -0.7857337730275009 0.0 0.0 0.0 0.0 0.0 0.0
51.69289553192383 83.51262282388298 44.621790231561114 -0.25586003253609 -0.8934333428303216 0.36920523516013376 -0.5993276766288699 -0.15306460711284095 -0.7857337730275009 0.0 0.0 0.0 0.0 0.0 0.0
51.69700084953996 83.20255532064732 44.18301193683492 -0.6520283392321123 -0.4760856679170331 0.5900859951245983 -0.5993276766288699 -0.15306460711284095 -0.7857337730275009 0.0 0.0 0.0 0.0 0.0 0.0
51.55247628671203 82.7839640744299 43.87874376326447 -0.8004801785213663 0.12213491196582958 0.5867832198295055 -0.5993276766288699 -0.15306460711284095 -0.7857337730275009 0.0 0.0 0.0 0.0 0.0 0.0
51.225482242003004 82.39321348523808 43.70823284311731 -0.64481621467547 0.67395439680604 0.36055168882891947 -0.5993276766288699 -0.15306460711284095 -0.7857337730275009 0.0 0.0 0.0 0.0 0.0 0.0
50.75150232086954 82.1560908220042 43.61990969178347 -0.24417579012216634 0.9697273383830135 -0.0026594568605450403 -0.5993276766288699 -0.15306460711284095 -0.7857337730275009 0.0 0.0 0.0 0.0 0.0 0.0
50.22186252069472 82.14001753606725 43.530980317174595 0.2492310995000541 0.8970846511317836 -0.36486023042494076 -0.5993276766288699 -0.15306460711284095 -0.7857337730275009 0.0 0.0 0.0 0.0 0.0 0.0
49.74903495749301 82.32843472458259 43.35888104156002 0.6479509275004328 0.48362450646005584 -0.588444502313155 -0.5993276766288699 -0.15306460711284095 -0.7857337730275009 0.0 0.0 0.0 0.0 0.0 0.0
49.42390782860283 82.62709413456277 43.05264582312772 0.8005033649815972 -0.11357267398639923 -0.5884688695051753 -0.5993276766288699 -0.15306460711284095 -0.7857337730275009 0.0 0.0 0.0 0.0 0.0 0.0
49.281255466948075 82.89986464993419 42.61226910737551 0.6489311904037129 -0.6676216967515726 -0.3649240744973554 -0.5993276766288699 -0.15306460711284095 -0.7857337730275009 0.0 0.0 0.0 0.0 0.0 0.0
49.2865269905645 83.02045077852432 42.08870793735928 0.2508192070405366 -0.9680300748812999 -0.0027385223828279123 -0.5993276766288699 -0.15306460711284095 -0.7857337730275009 0.0 0.0 0.0 0.0 0.0 0.0
49.34897276031784 82.92037442108617 41.564522521079724 -0.24258318655085268 -0.9006676429638572 0.3604874401705886 -0.5993276766288699 -0.15306460711284095 -0.7857337730275009 0.0 0.0 0.0 0.0 0.0 0.0
49.35612168506404 82.61499084609484 41.1225102281298 -0.6438241717969789 -0.49112651512448297 0.5867581971746066 -0.5993276766288699 -0.15306460711284095 -0.7857337730275009 0.0 0.0 0.0 0.0 0.0 0.0
49.21651086959115 82.19765496652758 40.814249484688204 -0.8004655900113088 0.10500178700813062 0.5901097049980839 -0.5993276766288699 -0.15306460711284095 -0.7857337730275009 0.0 0.0 0.0 0.0 0.0 0.0
48.8944338976885 81.80425424761272 40.64050426706874 -0.6529967475093661 0.6612381547200953 0.36926866978465883 -0.5993276766288699 -0.15306460711284095 -0.7857337730275009 0.0 0.0 0.0 0.0 0.0 0.0
48.42350629664452 81.56158278687218 40.55093385434576 -0.2574435231052036 0.9662590921415034 0.008136293077120332 -0.5993276766288699 -0.15306460711284095 -0.7857337730275009 0.0 0.0 0.0 0.0 0.0 0.0
47.89389443640823 81.53917011658868 40.46321810988571 0.23591679995279752 0.9041820454678429 -0.35608719740198197 -0.5993276766288699 -0.15306460711284095 -0.7857337730275009 0.0 0.0 0.0 0.0 0.0 0.0
47.41805981814432 81.7228657720197 40.294332277573574 0.6396483863901773 0.4985911226033102 -0.5850272081276151 -0.5993276766288699 -0.15306460711284095 -0.7857337730275009 0.0 0.0 0.0 0.0 0.0 0.0
47.08803306968461 82.02021528953634 39.992089474760846 0.8003668564872137 -0.09642290373725002 -0.5917056013522528 -0.5993276766288699 -0.15306460711284095 -0.7857337730275009 0.0 0.0 0.0 0.0 0.0 0.0
46.94044997134475 82.29558520311213 39.55496736150183 0.657012576384518 -0.6548042568430482 -0.37358514383307495 -0.5993276766288699 -0.15306460711284095 -0.7857337730275009 0.0 0.0 0.0 0.0 0.0 0.0
