t = 10000
b = 100 100 100
E = -1.51934972440691 -1.51934972440691 0
111.265418384627 -5.20855313711967 101.037293428098 0.993152712934978 0.109305447443333 0.0412311526532042 -0.10839667787101 0.730600750080954 0.674145907209765 0 0 0 0 0 0
111.380551638941 -5.08280701018461 101.573891541351 0.687986779897338 0.45011429220424 -0.569272618909396 -0.0891310024942239 0.830889590317582 0.549252358298316 0 0 0 0 0 0
111.650409439361 -4.63152201313242 101.916052082875 0.0490370722869079 0.327974974358363 -0.943412837381476 -0.140874367003286 0.937377948337923 0.318554539586569 0 0 0 0 0 0
111.990665898642 -4.1458660604688 101.987522106767 -0.599141347157037 0.175414354413313 -0.781191046026906 -0.198946832865872 0.912484633400665 0.357480001538972 0 0 0 0 0 0
112.002382893113 -3.64447200348207 101.937187980327 -0.948291182108588 -0.140195321196421 -0.284761489407752 -0.244560635145928 0.894612415869001 0.373976899166322 0 0 0 0 0 0
111.793548523796 -3.09395384176106 101.908194227569 -0.934745369577668 -0.354318408067754 0.0266375629037244 -0.329955488524291 0.893395770032677 0.304915354943661 0 0 0 0 0 0
111.503093740068 -2.71662351604155 101.766748862637 -0.610987469043141 -0.45519684727077 0.647680587100623 -0.325461689813323 0.890245191349826 0.318650573108492 0 0 0 0 0 0
111.007540176676 -2.33152751931811 101.813756878771 -0.156301833013982 -0.529759111075598 0.833621629535166 -0.441033173875503 0.792616944268912 0.421008455020942 0 0 0 0 0 0
110.555811882404 -2.11686129527995 101.954961689144 0.567247129514844 -0.230871661336328 0.790524490480195 -0.220113625476258 0.882478158749727 0.415670892906152 0 0 0 0 0 0
110.356550410833 -1.81152965697376 102.358236463987 0.890333850410552 -0.116984810646145 0.440022941323751 -0.185307617754587 0.7896625976208 0.584888082218201 0 0 0 0 0 0
110.25422687759 -1.68436403952766 102.880898045925 0.982956824856387 0.170339173329381 0.0691407730483347 -0.151476105994508 0.537353636171736 0.829642127067902 0 0 0 0 0 0
110.322141290296 -1.56975062744257 103.436736766277 0.769495249182015 0.523350390337858 -0.366034739361609 0.0822525686952237 0.48715105373538 0.869435659371956 0 0 0 0 0 0
110.669051403643 -1.5140782859865 103.827807950054 0.191903018411163 0.795497981032571 -0.574766207860024 0.371820331179064 0.483060984867002 0.792717936104146 0 0 0 0 0 0
111.142665790646 -1.36553860735121 103.966260378173 -0.443580839835957 0.868060912272079 -0.2229490774051 0.450157116321933 0.430902599293884 0.782100709976984 0 0 0 0 0 0
111.449555633664 -0.955602457315499 104.146584081209 -0.879750345408579 0.475408276904721 0.00512835294922168 0.296394354299018 0.539984540881489 0.78776080274959 0 0 0 0 0 0
111.605788277898 -0.483495786541055 104.444833731826 -0.98513197134247 0.021154869412561 0.170491848893238 0.161207137669241 0.456894651186136 0.874791138776559 0 0 0 0 0 0
111.477403778187 0.00530902451684216 104.59696988365 -0.75720468814769 -0.456445930495381 0.467223900053672 0.0421342316585729 0.679686226465786 0.732291840781559 0 0 0 0 0 0
111.282908171887 0.396736105911735 104.934759791491 -0.376776606931045 -0.797291275522958 0.471557006569194 -0.0420075498622289 0.523256767313555 0.851139072781377 0 0 0 0 0 0
111.0634693804 0.651399808768504 105.365786916659 0.0980057311182501 -0.927886818172153 0.359751204765647 -0.143414635734106 0.344549841424065 0.92774869928871 0 0 0 0 0 0
110.805721730763 0.676286294148073 105.829779017598 0.750348034562555 -0.606449643890584 0.263052573553437 0.0105717942101265 0.408893736754823 0.912520766454028 0 0 0 0 0 0
110.741044402196 0.562960556034041 106.353660630377 0.983085892317748 -0.182060408903362 -0.0199031614514333 0.0944745753171889 0.411017704234181 0.906718810560752 0 0 0 0 0 0
110.802223021472 0.349287312760905 106.819038805965 0.856654631919667 0.480296828642847 -0.188302411047241 -0.0326304987834049 0.414719591168371 0.909364014710437 0 0 0 0 0 0
111.054767321545 0.343274328947006 107.256396265659 0.466518143704761 0.817363742166948 -0.338049307919866 0.0348547434578518 0.364902814669845 0.930392972192132 0 0 0 0 0 0
111.304816975013 0.446575169381513 107.675807554153 -0.0743052496304721 0.860553455056168 -0.503911183511783 0.298599939852348 0.501323615402608 0.8121038779367 0 0 0 0 0 0
111.778837571929 0.723537411332504 107.850863551507 -0.596155429494175 0.769901247399185 -0.227707648395475 0.281977752202072 0.46632954515972 0.838466041395946 0 0 0 0 0 0
112.010983307217 1.14966787520675 107.983617116181 -0.938580605403986 0.325778795862587 0.113730485472503 0.260619932244677 0.453272531532869 0.8524208251061 0 0 0 0 0 0
112.159866513761 1.60379756183171 108.302533407736 -0.956675289086303 -0.197010813736724 0.214380807262294 0.128293072624886 0.375738097339352 0.917802685616178 0 0 0 0 0 0
112.035282483418 2.03335786724896 108.517618421675 -0.606072409184714 -0.55352518329133 0.571214588650654 0.154168645182793 0.62277274380604 0.767063320994297 0 0 0 0 0 0
111.919074440083 2.44589994536303 108.877854637279 -0.423401792781612 -0.81040228295166 0.404943282023612 -0.211683975091259 0.523111833231557 0.825556724049103 0 0 0 0 0 0
111.522823758891 2.5565002315621 109.170295423471 0.402419682562163 -0.705682945607816 0.583155193207474 -0.254119412057065 0.525866944239345 0.811718720599782 0 0 0 0 0 0
111.253200688905 2.59370233759077 109.595907791232 0.831341310995646 -0.419627295017549 0.364396155177707 -0.15217885824371 0.458732480225217 0.875446232895005 0 0 0 0 0 0
111.154305355132 2.64527264217031 110.129732868149 0.99923214273452 -0.00361866025144659 0.0390132057663356 -0.0347996707408827 0.375554499037601 0.926146749262201 0 0 0 0 0 0
111.315066845743 2.63775476656402 110.722031963017 0.915259879240105 0.22850078208849 -0.331793227836756 0.229809314578951 0.380313971093979 0.895850971045677 0 0 0 0 0 0
111.605691717978 2.61222127704367 111.106657274506 0.450105246694569 0.743430233807121 -0.494688542781729 0.138995015130914 0.488898020620854 0.861196325585386 0 0 0 0 0 0
111.973064888537 2.71566558983367 111.46465175061 -0.00495690936872006 0.805159543905929 -0.593037551852078 0.510661060285219 0.511925284612177 0.690766085214898 0 0 0 0 0 0
112.447507521655 2.91225834987001 111.488749155711 -0.454047094634927 0.875127035355285 -0.167313800518216 0.499560178654035 0.405542167651387 0.765490155495003 0 0 0 0 0 0
112.775487994526 3.33230170293033 111.809038662872 -0.89354222467796 0.445557941829388 0.0553210013495917 0.343446655156193 0.598945271706843 0.723400965275857 0 0 0 0 0 0
112.933952083449 3.820050346157 111.941930159995 -0.942923886004059 0.0355868598537952 0.331101375123623 0.287343899926317 0.589474208077958 0.754952741028203 0 0 0 0 0 0
112.912833720794 4.33984460671814 112.165432146776 -0.597608388070872 -0.606375598658935 0.524569202163409 0.128188319294259 0.573575113098251 0.809060779194519 0 0 0 0 0 0
112.760860343542 4.73173342490273 112.469011678685 -0.126313228364697 -0.842163770307586 0.524218611193265 0.0539457558413393 0.521837710061432 0.851337336068694 0 0 0 0 0 0
112.412674609728 4.92128208972582 112.944088485875 0.454639132723832 -0.808905957763566 0.372792717861721 0.0413590610580486 0.437272216068944 0.898377669536904 0 0 0 0 0 0
112.195814957778 4.83081863041407 113.405428226785 0.919646417355992 -0.349657935245766 0.178856913100805 -0.0651548913571084 0.313262549097325 0.947428844539411 0 0 0 0 0 0
112.10992292286 4.74610131522239 113.918865883236 0.991697132895239 0.0941568586713707 -0.0875858582906042 0.0512026366784342 0.335661872098322 0.940589920005859 0 0 0 0 0 0
112.295116886675 4.71723312251638 114.453241822724 0.758934283186076 0.492154783290651 -0.426382953562843 0.249724137112081 0.38475297135386 0.888596087307389 0 0 0 0 0 0
112.674251958178 4.77255002331946 114.834821145096 0.181800750883527 0.831367031081128 -0.525145071965389 0.225508360593039 0.484562663140863 0.845189330737481 0 0 0 0 0 0
113.026176570749 5.06867304285092 115.18765211676 -0.370606696896653 0.758885854489702 -0.535483833622255 0.10457982930019 0.60696876741979 0.787814682955605 0 0 0 0 0 0
113.362803824936 5.46079505746243 115.332662492828 -0.877744290061254 0.448059519708357 -0.169728100394666 0.179803257653468 0.636384869914013 0.750123380439329 0 0 0 0 0 0
113.461929062222 5.92248609118889 115.443051378705 -0.976235227663614 0.11593790574806 0.183093370386051 0.201533664691969 0.796321544404425 0.570312352937559 0 0 0 0 0 0
113.483083099377 6.44414313778718 115.519921559127 -0.749915887391666 -0.29797331301274 0.590625148947941 0.107061631647661 0.826376429383366 0.55284699871532 0 0 0 0 0 0
113.336356854264 6.89951556226226 115.762499837667 -0.227246765244281 -0.665325516768082 0.711126475687199 -0.0705057284413576 0.739555454922893 0.669392763144887 0 0 0 0 0 0
112.89284936538 7.11240520811695 115.985829848258 0.349465328763989 -0.59660673173074 0.722450269323395 -0.27434683597316 0.672114692376343 0.687746794891383 0 0 0 0 0 0
112.57055975903 7.28881960363657 116.404457532713 0.685538643416435 -0.493941861199266 0.53484409516957 -0.290662155454796 0.487860341125032 0.823108619165013 0 0 0 0 0 0
112.341596652109 7.29345057333798 116.869452190386 0.98261229161077 0.148759377187471 0.111102349544141 -0.180726197792813 0.629158508549173 0.755974611049561 0 0 0 0 0 0
112.304792521843 7.37179222262256 117.432948040727 0.836775158994979 0.455240000004047 -0.304243119372056 -0.20681414263928 0.777264423369298 0.594212021561975 0 0 0 0 0 0
112.503221077009 7.57593893956484 117.869796702365 0.360178876747336 0.709906131849345 -0.605230915194955 -0.189710783994393 0.690956496622359 0.697559272185236 0 0 0 0 0 0
112.742843106961 8.03734299682719 118.192856144771 -0.2293874092773 0.396054652260417 -0.889113113663237 -0.125243228567203 0.893866551194073 0.430484288162144 0 0 0 0 0 0
112.961689030044 8.57501884371765 118.171668454272 -0.828659551079145 0.100232160936032 -0.550705785623682 -0.140267085309115 0.915263734815963 0.377647243482088 0 0 0 0 0 0
113.023151106882 9.08793610147543 118.115651339252 -0.969480794203365 -0.197950617433303 -0.14464626759301 -0.234259402593874 0.921967993591589 0.30837890830772 0 0 0 0 0 0
112.891261824081 9.58191678097793 117.899510166896 -0.809880750763682 -0.3536730829562 0.467983461176474 -0.270653940559623 0.933100082479498 0.236792484121229 0 0 0 0 0 0
112.614741820622 9.93506809028217 117.854198237353 -0.289333616684413 -0.331664208114518 0.89793368981907 -0.31876651406226 0.917898863617173 0.236325169380879 0 0 0 0 0 0
112.253423785743 10.2645604703527 117.983849316994 0.16265121522275 -0.485423946803612 0.859015817116408 -0.41728108706719 0.755078630438075 0.505700263230889 0 0 0 0 0 0
111.895047485406 10.4586702005289 118.284991183702 0.815694754548966 -0.0887097524209623 0.571640312807554 -0.372519190714329 0.675460433198548 0.636382475978695 0 0 0 0 0 0
111.682645049523 10.5537305856324 118.710064580231 0.961763174840539 0.240204362597705 0.131580620570344 -0.264255770843091 0.687596374116926 0.676298834744944 0 0 0 0 0 0
112.924337118487 10.7048802389657 118.887291672765 -0.91788080313547 0.0788341158512035 0.388947314444177 -0.156892761319472 -0.972313642645162 -0.173178641210881 0 0 0 0 0 0
112.811201277833 10.26136344266 119.098673751299 -0.814532235667675 0.165037591273046 -0.556147310094201 -0.00950144992978341 -0.962345864355884 -0.271661848271619 0 0 0 0 0 0
112.484923670211 9.83849085192587 119.063984051604 -0.226345023817214 0.242999573055347 -0.943249244732331 -0.0487563564639924 -0.969994032296367 -0.238189829786642 0 0 0 0 0 0
112.192181168089 9.40352660371473 118.829399399817 0.261305562694776 0.490027447507631 -0.831620408355837 0.0990888706503656 -0.870620369143331 -0.481872979680298 0 0 0 0 0 0
111.89093536496 9.19710067783648 118.394661144152 0.861576027736411 0.241022891510836 -0.446760242409398 -0.0519466669823421 -0.833610826643261 -0.549904112998403 0 0 0 0 0 0
111.863200349817 8.93208307564491 117.911382442354 0.969323802187271 0.173745340531666 0.173850289492852 0.243091360256237 -0.782166656949907 -0.5736914774725 0 0 0 0 0 0
112.082743472762 8.74930751911957 117.397533354219 0.739786355664948 -0.145683201403665 0.656880927414361 0.211566421863844 -0.876393978127489 -0.432635232316562 0 0 0 0 0 0
112.466687194697 8.51805975660484 117.166980986216 0.324894910168876 -0.33433922052784 0.884681062848755 0.386327815022423 -0.806907184527907 -0.446823919343239 0 0 0 0 0 0
112.923589684041 8.38396380836807 117.01027112033 -0.344674413221537 -0.645475385858645 0.6815871735303 0.459653218584494 -0.749129206366641 -0.476995126613885 0 0 0 0 0 0
113.295241633595 7.93836781295437 117.011779499 -0.804726346789274 -0.414042911207237 0.42542211327366 0.242405810800573 -0.883342142073076 -0.40118086062007 0 0 0 0 0 0
113.477072089081 7.43653729080826 117.061736752008 -0.954769085798586 -0.0465093237399806 -0.293688398832149 0.235909836853961 -0.719718028159161 -0.652956743451064 0 0 0 0 0 0
113.544384175213 6.85573548109268 116.991206797151 -0.809240774758677 0.324755480576208 -0.489554130105847 0.0589205235540131 -0.78424819188467 -0.617643218557241 0 0 0 0 0 0
113.296361164869 6.37398041171987 116.842883686556 -0.310810937022891 0.658719975219009 -0.685189430504022 -0.1455096785781 -0.745373054022227 -0.650573549860184 0 0 0 0 0 0
112.951371793615 6.09378304354132 116.511128366181 0.35093354445539 0.721101807570121 -0.597375786666217 -0.279055884228432 -0.528426732240826 -0.801806087611446 0 0 0 0 0 0
112.532863137455 6.08787629531233 116.126724182131 0.76846541179813 0.389704118152438 -0.507534837390466 -0.285983342535696 -0.500372095468449 -0.817215573682136 0 0 0 0 0 0
112.299495168941 6.12917702558853 115.621762319937 0.978920501822563 -0.108788354483516 -0.172857586007185 -0.204161160821529 -0.544969916590874 -0.813219533965425 0 0 0 0 0 0
112.252473752816 5.90980966200128 115.072574021131 0.952143056613312 -0.224275840728615 0.20766306125196 0.0989197820151789 -0.416738607398337 -0.903628136917932 0 0 0 0 0 0
112.509055941712 5.96029415342111 114.608219893795 0.44391085595216 -0.768984149789015 0.460007097055127 0.189172615067867 -0.421365617456274 -0.886941225862276 0 0 0 0 0 0
112.909954120659 5.74711216794391 114.182600112775 -0.134197277687544 -0.834759865967737 0.534010352737453 0.236932149934991 -0.550283550353189 -0.800656712041977 0 0 0 0 0 0
113.197595137396 5.31552904528438 113.920700650447 -0.774587578070373 -0.481967196125377 0.409538405718094 -0.0119145684040962 -0.636291121052733 -0.771357020016804 0 0 0 0 0 0
113.297790194693 4.84094567570249 113.756923920496 -0.989812015060545 -0.0613180567233305 0.128500080783849 -0.0563469807309517 -0.660131421126656 -0.749033727280557 0 0 0 0 0 0
113.229986945032 4.32492860608543 113.531591478936 -0.844861418459125 0.533562148530915 -0.0389950926951381 -0.274221943839008 -0.494492221059468 -0.82479074244855 0 0 0 0 0 0
112.959655724412 3.92598152712765 113.345598653153 -0.408626268332042 0.868692855106407 -0.279995171951438 -0.313666551444107 -0.421751249956749 -0.85072861575539 0 0 0 0 0 0
112.579549027315 3.73057545466251 113.10515195864 -0.0292866205518212 0.850747891356457 -0.524757390809499 -0.515795602229621 -0.462551078058569 -0.721111223673185 0 0 0 0 0 0
112.165366391846 3.69320757787496 112.803213569938 0.642081827622287 0.497345170165092 -0.583419838838795 -0.466010860686273 -0.351073937056212 -0.812145903420248 0 0 0 0 0 0
111.832541927591 3.82075918863592 112.348703235403 0.923776374960165 0.136073925325992 -0.357940073073459 -0.285584816146695 -0.377896767454805 -0.880701621398342 0 0 0 0 0 0
111.741606997427 3.90917771617776 111.852932534629 0.81097589282905 -0.584490942876848 0.0262381200747273 -0.280704672434211 -0.42803895862505 -0.859062009853062 0 0 0 0 0 0
111.807519885779 3.9229759274186 111.276403541137 0.577539667338498 -0.790765603289489 0.202824291702816 -0.0617398279198378 -0.290045853619326 -0.95501916025107 0 0 0 0 0 0
111.956953920501 3.76747562703166 110.783283852941 0.00633687312594475 -0.84933378173532 0.527818123260432 -0.0670715257131467 -0.527001094213141 -0.847213820199285 0 0 0 0 0 0
112.244853197477 3.40443564629449 110.543839480804 -0.632975678319895 -0.628095349184107 0.452590347874065 0.0318211891229022 -0.605226676612015 -0.795416923279847 0 0 0 0 0 0
112.366949006975 3.00699310112553 110.251114554384 -0.906848955596556 -0.184680445570572 0.37883783437942 -0.131516758671234 -0.729990031171261 -0.670684647639404 0 0 0 0 0 0
112.302623338686 2.47262924074673 110.275501665053 -0.920538285978661 0.199767350175444 -0.33571158730576 0.0852608028284717 -0.735905410247664 -0.671694739200228 0 0 0 0 0 0
112.253525432267 2.02833974302031 110.077629314593 -0.791872278233618 0.46852859764939 -0.391687692109152 -0.147444956282132 -0.769098172879754 -0.621890653845181 0 0 0 0 0 0
112.077488049821 1.6087920457322 109.776530638014 -0.360966606183203 0.816415399479632 -0.450742725635244 -0.234866577744336 -0.547334839555541 -0.803282182092549 0 0 0 0 0 0
111.621162738104 1.45414876657465 109.502520305043 0.238985044540064 0.740503098336887 -0.628125234200674 -0.394839442733073 -0.516870674259081 -0.759569957642611 0 0 0 0 0 0
111.244916648182 1.34553904989119 109.123181245628 0.638164304189162 0.556661845881365 -0.531858919450188 -0.236911024540461 -0.515311399223705 -0.823606294464352 0 0 0 0 0 0
111.00950141462 1.33902365438112 108.605317863182 0.929845995063186 0.18345528222792 -0.318952323847352 -0.29220619883669 -0.15862200768821 -0.94310900538505 0 0 0 0 0 0
110.902794533582 1.49742787096228 108.146020954613 0.948494886196973 -0.297384728403134 -0.10917771828897 -0.129278021890455 -0.0487205728337525 -0.990410772780084 0 0 0 0 0 0
111.015345243317 1.6975652126378 107.661097510006 0.583766573326096 -0.806008053453735 0.0978141382154248 -0.0843572606506589 -0.180030995368705 -0.980037087707433 0 0 0 0 0 0
111.331785198617 1.5741992011162 107.184379485312 -0.0260875362924042 -0.937607719225856 0.34671487608448 -0.041207464233363 -0.345529504006258 -0.937502696930869 0 0 0 0 0 0
111.648993251871 1.26393415668199 106.78634366155 -0.374276044000231 -0.809502966662626 0.452352064051824 0.00930945531122172 -0.491062638889363 -0.871074519618627 0 0 0 0 0 0
111.882368899788 0.832159597260068 106.601523134822 -0.902084469648852 -0.379769011399249 0.204985627786895 0.0797102187866589 -0.613437725473046 -0.78571014883826 0 0 0 0 0 0
111.894509514882 0.33515998649735 106.344373760923 -0.999353883341164 0.0224469059361994 0.0280704874347791 -0.0358317007939297 -0.683312558536463 -0.729246211210289 0 0 0 0 0 0
111.718791670681 -0.103630259227069 106.146204899816 -0.760631624780933 0.6080836075531 -0.227318845695485 -0.229289726620876 -0.579237036930383 -0.78224719642466 0 0 0 0 0 0
111.343104340182 -0.400350155895434 105.880756372224 -0.288361783448923 0.841132496465774 -0.45754082357251 -0.39391959418527 -0.539740249277907 -0.743981059319613 0 0 0 0 0 0
110.888312406912 -0.523352192706896 105.49319033302 0.434293318193074 0.771422277721065 -0.465077394858639 -0.114901744065973 -0.464649243983625 -0.878008353762102 0 0 0 0 0 0
110.581730809297 -0.560599094152477 105.118194769843 0.785451218576294 0.518982315934745 -0.337229504913233 -0.153769494720935 -0.364148745484814 -0.918558998461777 0 0 0 0 0 0
110.403799823684 -0.451648621025819 104.62999951358 0.98611454297797 -0.0812936506030119 -0.144808323307004 -0.164104581293976 -0.343380541348755 -0.924748338858399 0 0 0 0 0 0
110.469463316339 -0.307528053759236 104.061240479068 0.818992213991774 -0.559142770068346 0.128884118886507 -0.0783569479686327 -0.331490398910603 -0.940199076863575 0 0 0 0 0 0
110.624761212506 -0.349540963348067 103.540410220243 0.402482038039725 -0.819281991486077 0.408393471399815 -0.149197689833051 -0.498865516159507 -0.8537407370715 0 0 0 0 0 0
110.884198137268 -0.586622913988971 103.127431200573 -0.225150950383892 -0.75631744818575 0.614240154264617 0.0372125340909334 -0.636642231809107 -0.770260927208209 0 0 0 0 0 0
111.204838534547 -0.926144892367393 102.92089557853 -0.648753673820295 -0.586597635594597 0.484790557477666 0.173230600252452 -0.734155946097503 -0.656510628966399 0 0 0 0 0 0
111.428436296656 -1.41722289661712 102.88663031887 -0.97157326080692 -0.234686722166455 0.0311053262927323 0.187880427492346 -0.844313810997266 -0.501831778113509 0 0 0 0 0 0
111.387366097407 -1.93148618102141 102.841764787763 -0.902797058357599 0.143337349888321 -0.405477342829234 0.0494059329077793 -0.90201539778087 -0.428867434016312 0 0 0 0 0 0
111.198586447966 -2.41587953773515 102.934472779623 -0.514512048370664 0.269258333352944 -0.814111357248761 0.141988544984266 -0.909560354117315 -0.390562690628827 0 0 0 0 0 0
110.904013415903 -2.90555116934462 102.856551152445 0.0952735329819406 0.473391441713754 -0.875684587522995 0.223818286515744 -0.867349246675377 -0.444534204435172 0 0 0 0 0 0
110.760786930843 -3.26776337102327 102.460150690913 0.680766575467284 0.541248468935097 -0.493565562617531 0.298599667947666 -0.820336806873071 -0.487735339698527 0 0 0 0 0 0
110.725956702841 -3.56382223510561 102.001994185897 0.917588659997819 0.3890547003911 -0.0816547068269651 0.311872063033975 -0.83189055030383 -0.459014083241598 0 0 0 0 0 0
110.945198975432 -3.78720654139421 101.438564937566 0.88229863767744 0.251123133070607 0.398103360936998 0.451614836771219 -0.689988841399154 -0.565649571689719 0 0 0 0 0 0
111.265489453098 -3.9987026944553 101.018330473349 0.600691442770439 -0.0624426556960411 0.797038710058673 0.457327138683055 -0.790889429655493 -0.406627345714936 0 0 0 0 0 0
111.722689653145 -4.21027180023489 100.801987914668 -0.0432185495389811 -0.339697481626397 0.939541259313522 0.472812502799452 -0.835394511897932 -0.280293322587844 0 0 0 0 0 0
112.143662009772 -4.49337109404704 100.838429811112 -0.74173268514143 -0.493539896238962 0.454148648146527 0.306689469091415 -0.851775544024072 -0.424758745820406 0 0 0 0 0 0
112.443004582848 -4.95353985582056 100.869177155128 -0.95890080551404 -0.250867937533655 0.132568937169082 0.198288279768687 -0.926668029971364 -0.319324475002125 0 0 0 0 0 0
