t = 0
b = 28 28 28
E = 0 0 0
-0.6662826538085938 -7.930461883544922 -8.992691040039062 0.993152536397275 0.10930495290875136 0.041236715646070836 -0.10840012074918476 0.7306012768004748 0.6741447827871089 0 0 0 0 0 0
-0.5511474609375 -7.804715633392334 -8.456092834472656 0.6879857330048096 0.45011733612620425 -0.5692714773291252 -0.08912581383260201 0.83088475542768 0.5492605142430694 0 0 0 0 0 0
-0.2812957763671875 -7.35343074798584 -8.113929748535156 0.049037921424083517 0.32797567020912105 -0.9434125513333408 -0.14088062814835067 0.9373770047399713 0.318554547287032 0 0 0 0 0 0
0.05896759033203125 -6.867774486541748 -8.042465209960938 -0.5991585162175362 0.1754149901003924 -0.7811777350207053 -0.19892871021059572 0.9124892348853397 0.35747834126323835 0 0 0 0 0 0
0.0706787109375 -6.36638069152832 -8.092796325683594 -0.9482882330245304 -0.1401966245909559 -0.28477066836406534 -0.24456740289395823 0.8946080571506543 0.37398290004067825 0 0 0 0 0 0
-0.138153076171875 -5.81586217880249 -8.121788024902344 -0.9347465891346428 -0.35431603030239334 0.026626392393730845 -0.3299562594363601 0.8933953514183203 0.30491574725307596 0 0 0 0 0 0
-0.4286041259765625 -5.438531875610352 -8.263236999511719 -0.6109961664256557 -0.4551941943738242 0.6476742468413558 -0.32546475713009765 0.8902465235734442 0.31864371817383047 0 0 0 0 0 0
-0.924163818359375 -5.053435802459717 -8.216224670410156 -0.15628785506007759 -0.5297591328214485 0.8336242364236943 -0.44102524859061953 0.7926172290193392 0.4210162210263246 0 0 0 0 0 0
-1.3758926391601562 -4.838769912719727 -8.075019836425781 0.5672481839153994 -0.23087253810253758 0.7905234778264171 -0.22011170069445812 0.8824784053578559 0.4156713885925384 0 0 0 0 0 0
-1.5751495361328125 -4.533438205718994 -7.671745300292969 0.8903323759797847 -0.11698498974967356 0.44002587702936297 -0.18530760918273698 0.7896652101291954 0.5848845577467332 0 0 0 0 0 0
-1.6774749755859375 -4.4062724113464355 -7.149085998535156 0.982956595090006 0.170340121797087 0.06914170286603806 -0.151477429628708 0.5373536513188917 0.8296418755868915 0 0 0 0 0 0
-1.60955810546875 -4.291658878326416 -6.5932464599609375 0.7694884891169186 0.523354884235077 -0.3660425252123735 0.08224973122412105 0.48716123664677735 0.8694302221698659 0 0 0 0 0 0
-1.2626495361328125 -4.235986709594727 -6.202178955078125 0.19189916776235194 0.795501301050036 -0.5747628984544989 0.3718282383524614 0.4830553601032089 0.7927176548048267 0 0 0 0 0 0
-0.7890396118164062 -4.087447166442871 -6.063720703125 -0.44357434659648914 0.8680638239607467 -0.22295065950147755 0.45016984567696455 0.4309036817639007 0.7820927867494324 0 0 0 0 0 0
-0.482147216796875 -3.6775107383728027 -5.883399963378906 -0.8797494187237869 0.4754099654416152 0.005130790773495332 0.2963975496128056 0.5399839271269077 0.7877600212172022 0 0 0 0 0 0
-0.3259124755859375 -3.205404043197632 -5.585151672363281 -0.9851308065144936 0.02115437705352832 0.17049864042736662 0.16121280665649806 0.4568967305756289 0.8747890080237838 0 0 0 0 0 0
-0.4542999267578125 -2.716599464416504 -5.433013916015625 -0.757201939423504 -0.4564479867165937 0.4672263459562748 0.04213318949945064 0.6796877167130945 0.732290517548837 0 0 0 0 0 0
-0.6487960815429688 -2.325172185897827 -5.095222473144531 -0.37677803347034594 -0.7972922117752089 0.4715542837646736 -0.042006086800796615 0.5232537644702723 0.8511409910463559 0 0 0 0 0 0
-0.8682327270507812 -2.0705084800720215 -4.6641998291015625 0.09799916413848464 -0.9278830940072014 0.3597625990619107 -0.14343259247185283 0.3445592974830518 0.9277424114132055 0 0 0 0 0 0
-1.1259765625 -2.0456221103668213 -4.200202941894531 0.7503428825120895 -0.6064587362282464 0.2630463075503756 0.010594626896899356 0.40890419133545564 0.9125158169528967 0 0 0 0 0 0
-1.1906585693359375 -2.158947706222534 -3.6763229370117188 0.9830860356499077 -0.18206067402019066 -0.019893654401902404 0.09446578978804002 0.4110169509721504 0.9067200673710044 0 0 0 0 0 0
-1.1294784545898438 -2.3726210594177246 -3.2109451293945312 0.8566542651027883 0.4803004095674465 -0.18829494589750687 -0.032631014281230365 0.414705730583869 0.9093703172678763 0 0 0 0 0 0
-0.8769378662109375 -2.378633975982666 -2.773590087890625 0.46651986441830023 0.8173664202793385 -0.3380404577899969 0.03487058560750972 0.36488506343069227 0.9303993404686878 0 0 0 0 0 0
-0.6268844604492188 -2.2753331661224365 -2.3541793823242188 -0.07431060696957219 0.8605569070348777 -0.5039044983390986 0.2986067297819138 0.5013182268131867 0.8121047077771643 0 0 0 0 0 0
-0.152862548828125 -1.9983710050582886 -2.1791229248046875 -0.5961599347220227 0.769900341696104 -0.22769891543100546 0.2819911812886431 0.46633104866327013 0.8384606888388092 0 0 0 0 0 0
0.07928466796875 -1.5722404718399048 -2.0463638305664062 -0.9385829443494291 0.3257772495639073 0.11371561125426846 0.26060275699853086 0.4532622494366957 0.8524315434569227 0 0 0 0 0 0
0.2281646728515625 -1.1181107759475708 -1.727447509765625 -0.9566775704093362 -0.19701272941003542 0.2143688660372536 0.12828475757570154 0.3757248650103761 0.9178092649274567 0 0 0 0 0 0
0.10358428955078125 -0.6885505318641663 -1.5123672485351562 -0.6060773046031969 -0.5535234490752744 0.571211074970309 0.1541639387608119 0.6227737492817647 0.7670634505640891 0 0 0 0 0 0
-0.01262664794921875 -0.2760084271430969 -1.152130126953125 -0.4234095073755112 -0.8103966466725118 0.4049464953867056 -0.21169579622830875 0.5231221537969077 0.8255471531452017 0 0 0 0 0 0
-0.40887451171875 -0.1654081791639328 -0.8596878051757812 0.40241423747998945 -0.7056858693044232 0.5831554126795524 -0.25412711318654335 0.525862808812625 0.8117189887215713 0 0 0 0 0 0
-0.678497314453125 -0.1282060593366623 -0.43407440185546875 0.8313390637745125 -0.41962851959279945 0.36439987182609235 -0.15218234551227597 0.45873233929451707 0.8754457005433074 0 0 0 0 0 0
-0.7773971557617188 -0.07663565129041672 0.0997467041015625 0.9992317217543069 -0.003618564836350663 0.03902399554695283 -0.034809835762762184 0.37554787878058865 0.9261490517608763 0 0 0 0 0 0
-0.61663818359375 -0.08415370434522629 0.692047119140625 0.9152629282265271 0.22850161701010158 -0.33178424199767514 0.22980460227669874 0.380302182487946 0.8958571843588427 0 0 0 0 0 0
-0.32601165771484375 -0.10968714207410812 1.0766754150390625 0.45011286117066235 0.7434264061844487 -0.4946873667241111 0.13898486379447286 0.48890307777383313 0.861195092983759 0 0 0 0 0 0
0.0413665771484375 -0.006242803297936916 1.4346694946289062 -0.004959119289968964 0.805161871706959 -0.5930343729373655 0.510654478910321 0.5119257615759925 0.6907705970897059 0 0 0 0 0 0
0.51580810546875 0.1903500109910965 1.4587631225585938 -0.4540451393494768 0.8751282189570577 -0.16731291587370764 0.4995603670416147 0.40554002086397534 0.7654911698765008 0 0 0 0 0 0
0.8437881469726562 0.610393226146698 1.779052734375 -0.8935439902499756 0.4455530947316537 0.055331521424931245 0.34345270189411936 0.5989489269945076 0.7233950680048608 0 0 0 0 0 0
1.0022506713867188 1.0981419086456299 1.9119491577148438 -0.9429245803116637 0.03558724415627521 0.33109935653431044 0.2873427611192832 0.589472953976014 0.7549541536829498 0 0 0 0 0 0
0.9811325073242188 1.617936372756958 2.1354522705078125 -0.597612799410724 -0.6063782925847694 0.5245610624726711 0.12819164540128838 0.5735639091470508 0.8090681950078523 0 0 0 0 0 0
0.8291549682617188 2.0098249912261963 2.43902587890625 -0.12630497864054213 -0.8421659109827102 0.524217159914929 0.05393593258464377 0.5218374173436473 0.8513381378960635 0 0 0 0 0 0
0.4809722900390625 2.199373960494995 2.9141082763671875 0.4546363684045512 -0.8089078865597003 0.3727919038625169 0.04136044124985241 0.43727112028434434 0.8983781393516275 0 0 0 0 0 0
0.2641143798828125 2.108910322189331 3.3754425048828125 0.9196443265683352 -0.3496564366640024 0.17887059263642457 -0.06517132853788069 0.3132582621031021 0.947429131471453 0 0 0 0 0 0
0.17822265625 2.024193048477173 3.888885498046875 0.9916970690806292 0.09415714772212655 -0.08758627009824878 0.051202174859653844 0.3356678823831697 0.9405878002749346 0 0 0 0 0 0
0.3634185791015625 1.9953248500823975 4.423255920410156 0.7589389382301273 0.4921575485507819 -0.4263714758782675 0.24972141152096183 0.38473815046535137 0.8886032704218904 0 0 0 0 0 0
0.7425537109375 2.0506417751312256 4.804840087890625 0.1817893127061387 0.8313663864663587 -0.525150052118153 0.2254921888986373 0.48457353041905965 0.8451874149340546 0 0 0 0 0 0
1.0944747924804688 2.3467648029327393 5.1576690673828125 -0.3705984030251251 0.7588862994319081 -0.5354889431255989 0.10457640976981439 0.6069703583533876 0.7878139111490836 0 0 0 0 0 0
1.4310989379882812 2.738886594772339 5.302680969238281 -0.8777427163827376 0.44806000969655974 -0.169734944981203 0.1797967128371725 0.6363832841198079 0.7501262945303512 0 0 0 0 0 0
1.5302276611328125 3.200577974319458 5.4130706787109375 -0.976236719491862 0.11593681270414619 0.1830861080906235 0.20152888598630536 0.7963191211945878 0.5703174250651984 0 0 0 0 0 0
1.5513839721679688 3.7222349643707275 5.489936828613281 -0.7499207213152198 -0.29796893861989054 0.5906212181760796 0.10706451712066671 0.8263751000729248 0.5528484269247604 0 0 0 0 0 0
1.4046554565429688 4.17760705947876 5.732513427734375 -0.22724026915091347 -0.6653218715235051 0.7111319619794072 -0.07051510642145524 0.7395605127575082 0.6693861872911798 0 0 0 0 0 0
0.961151123046875 4.390496730804443 5.955848693847656 0.3494654943575943 -0.5966085715299408 0.7224486698931666 -0.274337611504337 0.6721173792287795 0.6877478487445328 0 0 0 0 0 0
0.63885498046875 4.566911220550537 6.374473571777344 0.6855403837073661 -0.49394331918223017 0.5348405180440224 -0.2906611826259597 0.48785625842147357 0.8231113825196922 0 0 0 0 0 0
0.4098968505859375 4.571541786193848 6.839469909667969 0.9826119909664849 0.1487605641593026 0.11110341920880049 -0.18072792219990202 0.6291608259633104 0.7559722701332844 0 0 0 0 0 0
0.3730926513671875 4.64988374710083 7.402961730957031 0.8367749766905853 0.4552411308488677 -0.30424192868162403 -0.2068155529124042 0.777263727822959 0.5942124405330923 0 0 0 0 0 0
0.5715179443359375 4.854030132293701 7.839813232421875 0.3601809613026847 0.7099013874452104 -0.6052352395708954 -0.18971426536157743 0.690962125879358 0.6975527493448761 0 0 0 0 0 0
0.8111419677734375 5.315434455871582 8.162872314453125 -0.2293969228859116 0.3960539685607277 -0.8891109636922566 -0.12524384929126484 0.8938657444640219 0.4304857826786932 0 0 0 0 0 0
1.0299911499023438 5.853110313415527 8.141685485839844 -0.8286605069191609 0.1002304231427563 -0.5507046636347864 -0.14026794466833692 0.9152638357662313 0.3776466796319091 0 0 0 0 0 0
1.0914459228515625 6.36602783203125 8.085670471191406 -0.9694787600617999 -0.19795416161281937 -0.1446550506868004 -0.2342666448271614 0.9219621758066411 0.30839079996541535 0 0 0 0 0 0
0.9595565795898438 6.860008239746094 7.869529724121094 -0.8098862831379446 -0.3536755526452681 0.46797202036667696 -0.2706544081607266 0.9330985410667465 0.23679802364520755 0 0 0 0 0 0
0.6830368041992188 7.213159561157227 7.824211120605469 -0.2893243351548142 -0.3316625046425787 0.8979373096722489 -0.3187621629202162 0.9178997725579362 0.23632750798101132 0 0 0 0 0 0
0.32172393798828125 7.542652130126953 7.953865051269531 0.16264029085234247 -0.48542700390111754 0.8590161579825201 -0.41729334205404445 0.755073960135555 0.5056971241786696 0 0 0 0 0 0
-0.036651611328125 7.736762046813965 8.2550048828125 0.8156901391660543 -0.08871006961748394 0.571646849388435 -0.37252841643620943 0.6754533188838598 0.6363846265870262 0 0 0 0 0 0
-0.249053955078125 7.831822395324707 8.680084228515625 0.9617645359233292 0.2402050988362176 0.1315693274789609 -0.2642497746205744 0.6876096754069129 0.67628765396078 0 0 0 0 0 0
0.9926376342773438 7.982972145080566 8.857307434082031 -0.9178829905591527 0.07883229023677994 0.388942522306588 -0.15688719892651812 -0.9723155987512012 -0.1731726977271087 0 0 0 0 0 0
0.8795013427734375 7.539454460144043 9.068687438964844 -0.8145336778166623 0.16503819882281057 -0.5561450176274029 -0.009500447214355168 -0.9623449318677008 -0.27166518660159167 0 0 0 0 0 0
0.55322265625 7.116581916809082 9.034004211425781 -0.2263426452709711 0.24299838934975052 -0.9432501204373982 -0.04876064843090881 -0.9699943710420889 -0.23818757169772672 0 0 0 0 0 0
0.2604827880859375 6.681617736816406 8.799415588378906 0.26130592012407766 0.49002727811005525 -0.8316203958634971 0.0990926972740305 -0.8706206313193322 -0.4818717190996839 0 0 0 0 0 0
-0.04076385498046875 6.475192070007324 8.364677429199219 0.8615749966890298 0.2410239411494305 -0.44676166450703203 -0.051945525731763774 -0.8336119069492007 -0.5499025831444766 0 0 0 0 0 0
-0.06850433349609375 6.210174560546875 7.881401062011719 0.9693268774847088 0.17374394165261572 0.17383454007980237 0.24308133387688777 -0.7821600222991242 -0.5737047713220337 0 0 0 0 0 0
0.15103912353515625 6.027399063110352 7.367546081542969 0.7397805576042203 -0.14568256326976317 0.6568875987183351 0.2115663091194224 -0.8763972238111981 -0.4326287125718887 0 0 0 0 0 0
0.5349884033203125 5.796151161193848 7.137001037597656 0.324884615029333 -0.3343452367081065 0.8846825699695018 0.3863279177218427 -0.8069070211177273 -0.4468241256463453 0 0 0 0 0 0
0.9918899536132812 5.662055015563965 6.98028564453125 -0.3446757602225582 -0.6454731193388138 0.6815886387888395 0.4596443808329059 -0.749132571599374 -0.4769983577934454 0 0 0 0 0 0
1.3635406494140625 5.216459274291992 6.9817962646484375 -0.804730012405185 -0.4140427561989205 0.4254153302051444 0.24240809613000452 -0.8833418132792406 -0.4011802037029865 0 0 0 0 0 0
1.5453720092773438 4.71462869644165 7.0317535400390625 -0.9547686516300535 -0.04650892332812255 -0.2936898737024964 0.23591120328482681 -0.7197156027316021 -0.6529589231715819 0 0 0 0 0 0
1.6126861572265625 4.133826732635498 6.961219787597656 -0.8092493625584374 0.32475570023772965 -0.489539788333762 0.058925039444884864 -0.7842340300913893 -0.6176607691711016 0 0 0 0 0 0
1.3646621704101562 3.6520721912384033 6.812896728515625 -0.3108232781208865 0.6587232376210831 -0.6851806958723985 -0.14550763235634334 -0.7453684542264056 -0.6505792775443975 0 0 0 0 0 0
1.0196685791015625 3.3718745708465576 6.481147766113281 0.3509319276102399 0.7210994032934689 -0.5973796387169256 -0.27906961728083063 -0.5284241628204889 -0.8018030012778677 0 0 0 0 0 0
0.6011581420898438 3.3659679889678955 6.09674072265625 0.7684710764856963 0.38970367057692595 -0.5075266039763687 -0.28597024167173485 -0.5003781912979133 -0.8172164257720465 0 0 0 0 0 0
0.36779022216796875 3.407268762588501 5.5917816162109375 0.9789199175091214 -0.10878715833728787 -0.17286164781359925 -0.20416396526422323 -0.5449562383589382 -0.8132279960510861 0 0 0 0 0 0
0.320770263671875 3.187901258468628 5.0425872802734375 0.9521418220803884 -0.2242740307478415 0.20767067625823857 0.09892022896297992 -0.41676148441220623 -0.9036175371319695 0 0 0 0 0 0
0.5773544311523438 3.2383859157562256 4.578239440917969 0.44391752032075493 -0.7689866340949926 0.45999651274278797 0.1891841849097949 -0.4213474239148364 -0.8869474012253196 0 0 0 0 0 0
0.9782562255859375 3.0252039432525635 4.152618408203125 -0.134201605749549 -0.834764123995436 0.5340026088928544 0.23695164681607522 -0.5502769081857869 -0.8006555073117533 0 0 0 0 0 0
1.2658920288085938 2.593620538711548 3.890716552734375 -0.7745876839002739 -0.4819632063417738 0.40954290090632295 -0.011925792137938205 -0.6362877543472639 -0.7713596237486109 0 0 0 0 0 0
1.3660888671875 2.119037389755249 3.7269439697265625 -0.9898124255376444 -0.061317301440865946 0.12849727933032296 -0.05634393505432051 -0.6601395623094564 -0.7490267814013555 0 0 0 0 0 0
1.2982864379882812 1.603020429611206 3.5016098022460938 -0.844860898080826 0.5335622251476019 -0.039005317452879315 -0.27422077984999366 -0.49450530017887806 -0.8247832878965595 0 0 0 0 0 0
1.0279541015625 1.204073190689087 3.31561279296875 -0.40862943552653136 0.8686904091830707 -0.27999813823419906 -0.3136686830167812 -0.42175641072589737 -0.850725271345648 0 0 0 0 0 0
0.6478500366210938 1.008667230606079 3.075164794921875 -0.029296985263580422 0.8507510256437801 -0.5247517308409014 -0.5158004256597354 -0.46254951633868135 -0.721108775306533 0 0 0 0 0 0
0.23366546630859375 0.9712991118431091 2.7732315063476562 0.6420752453304709 0.49734894371163585 -0.5834238660894289 -0.46601857238385264 -0.35107057528279284 -0.8121429316099015 0 0 0 0 0 0
-0.09915924072265625 1.098850965499878 2.3187179565429688 0.9237773497541074 0.13607533906092834 -0.35793701985227905 -0.2855815732842331 -0.37789632025732417 -0.8807028648394851 0 0 0 0 0 0
-0.190093994140625 1.1872694492340088 1.8229522705078125 0.810972883458245 -0.5844956510403394 0.026226250405830164 -0.28070078647279095 -0.4280118904828887 -0.8590767661151246 0 0 0 0 0 0
-0.12418365478515625 1.2010676860809326 1.2464218139648438 0.577542766388438 -0.7907627450170662 0.20282661089084048 -0.06174518273899094 -0.29005319515186095 -0.9550165843537616 0 0 0 0 0 0
0.0252532958984375 1.045567274093628 0.7533035278320312 0.006332451171790519 -0.8493413545322859 0.5278059904391182 -0.06704120648090808 -0.526989637560661 -0.8472233463126873 0 0 0 0 0 0
0.31314849853515625 0.6825272440910339 0.51385498046875 -0.6329726722937287 -0.6280952245584454 0.4525947249098381 0.031819085304281604 -0.6052289057467966 -0.7954153113053168 0 0 0 0 0 0
0.43524932861328125 0.28508466482162476 0.22113037109375 -0.9068490760044826 -0.1846802205340425 0.37883765585447543 -0.13151921909003408 -0.7299860357842782 -0.6706885138198673 0 0 0 0 0 0
0.37091827392578125 -0.24927906692028046 0.24552154541015625 -0.9205359354077474 0.19976981171499328 -0.33571656788180687 0.0852595946840262 -0.7359105161213279 -0.6716892985423814 0 0 0 0 0 0
0.3218231201171875 -0.693568766117096 0.04764556884765625 -0.7918711130204731 0.46852719892753725 -0.3916917209092284 -0.14744193480756718 -0.7690995343509562 -0.6218896864568052 0 0 0 0 0 0
0.14579010009765625 -1.1131162643432617 -0.25345611572265625 -0.3609853127924589 0.8164162559582 -0.45072619288801624 -0.23485498448657227 -0.54732414738333 -0.8032928569039581 0 0 0 0 0 0
-0.31053924560546875 -1.2677595615386963 -0.5274658203125 0.23899006383735596 0.7405006932894401 -0.6281261597998249 -0.39483031628556803 -0.5168750626539901 -0.7595717154741035 0 0 0 0 0 0
-0.6867828369140625 -1.3763692378997803 -0.90679931640625 0.6381604120226707 0.5566615285933622 -0.531863921610741 -0.23693088970604564 -0.5152995814951271 -0.8236079739864403 0 0 0 0 0 0
-0.9222030639648438 -1.3828846216201782 -1.4246673583984375 0.9298484111330757 0.18345443426366279 -0.31894576790152596 -0.2921968090192891 -0.15863425793758273 -0.943109854156735 0 0 0 0 0 0
-1.0289077758789062 -1.2244805097579956 -1.8839645385742188 0.9484961010510307 -0.2973816441068335 -0.10917556521176978 -0.12927656292744946 -0.048724117707771145 -0.9904107888302028 0 0 0 0 0 0
-0.9163589477539062 -1.0243431329727173 -2.3688888549804688 0.5837761193806694 -0.8059995914592106 0.09782689307359275 -0.08436542995224534 -0.18005469665668508 -0.9800320303137251 0 0 0 0 0 0
-0.59991455078125 -1.1477091312408447 -2.8456039428710938 -0.02609250238415553 -0.9376066193035624 0.3467174768561252 -0.04120876023963204 -0.34553190694569635 -0.9375017543247496 0 0 0 0 0 0
-0.28270721435546875 -1.4579741954803467 -3.2436370849609375 -0.3742795162532477 -0.8095039681649386 0.45234739884125885 0.009326654169174855 -0.4910643586773929 -0.8710733661172114 0 0 0 0 0 0
-0.0493316650390625 -1.8897488117218018 -3.4284591674804688 -0.902084405265651 -0.37977023897702483 0.20498363681974735 0.07971261475430712 -0.6134373346708614 -0.7857102108799027 0 0 0 0 0 0
-0.03719329833984375 -2.3867483139038086 -3.68560791015625 -0.9993542695063421 0.02244648966703606 0.028057069003603954 -0.035821562320024425 -0.6833287616480128 -0.729231526456136 0 0 0 0 0 0
-0.21291351318359375 -2.8255386352539062 -3.8837814331054688 -0.7606317779126752 0.608083778952912 -0.22731787480035265 -0.22928425135613525 -0.5792310819353186 -0.7822532107956456 0 0 0 0 0 0
-0.5886001586914062 -3.122258424758911 -4.14923095703125 -0.2883545182835056 0.8411369295674591 -0.457537252585311 -0.39389669371639807 -0.5397326049334116 -0.7439987297375474 0 0 0 0 0 0
-1.0433883666992188 -3.24526047706604 -4.536796569824219 0.434287823888975 0.7714282091325542 -0.46507268698163634 -0.11488584307232971 -0.4646508311667928 -0.8780095945703378 0 0 0 0 0 0
-1.3499679565429688 -3.2825074195861816 -4.9117889404296875 0.7854469121840261 0.5189829028153298 -0.33723863172233526 -0.15378410868079023 -0.3641434265076827 -0.9185586605375288 0 0 0 0 0 0
-1.5279006958007812 -3.1735570430755615 -5.399986267089844 0.9861149973399937 -0.08129330927908011 -0.1448054207811306 -0.16410187659448824 -0.343385599837097 -0.9247469404776014 0 0 0 0 0 0
-1.4622421264648438 -3.0294363498687744 -5.968742370605469 0.8189940579689676 -0.5591412089416651 0.12887917393736031 -0.0783626917473647 -0.3314914825958814 -0.9401982160738724 0 0 0 0 0 0
-1.3069381713867188 -3.0714492797851562 -6.489570617675781 0.40247347970289093 -0.8192897620900306 0.40838631694794547 -0.14918580025923167 -0.49885115004732666 -0.8537512091338275 0 0 0 0 0 0
-1.0475006103515625 -3.3085312843322754 -6.902549743652344 -0.22516160052416537 -0.7563143352634164 0.6142400832935384 0.03721930807075657 -0.6366451176206375 -0.7702582147024067 0 0 0 0 0 0
-0.7268600463867188 -3.6480531692504883 -7.1090850830078125 -0.6487603746123638 -0.5865932273788078 0.48478692425243874 0.17322648776763386 -0.7341558308235364 -0.6565118430032264 0 0 0 0 0 0
-0.503265380859375 -4.13913106918335 -7.1433563232421875 -0.971572566737119 -0.2346890965653547 0.031109090587542524 0.18787997429938022 -0.8443114379639174 -0.5018359403037673 0 0 0 0 0 0
-0.5443344116210938 -4.65339469909668 -7.1882171630859375 -0.9027964400370654 0.14333583856671975 -0.4054792537711105 0.04940571953718576 -0.9020178230005009 -0.4288623577168436 0 0 0 0 0 0
-0.7331161499023438 -5.137787818908691 -7.095512390136719 -0.5145076489323716 0.2692582082121287 -0.8141141790317113 0.14198713388679626 -0.9095617323830959 -0.3905599938484161 0 0 0 0 0 0
-1.0276870727539062 -5.627459526062012 -7.173431396484375 0.09527225224691974 0.47339175197099664 -0.8756845591408072 0.22381206313728763 -0.8673499719571559 -0.44453592266559516 0 0 0 0 0 0
-1.1709136962890625 -5.98967170715332 -7.569831848144531 0.6807692577111022 0.5412470364806664 -0.493563433872862 0.2986015486128676 -0.8203380098625734 -0.4877321649642453 0 0 0 0 0 0
-1.2057418823242188 -6.285730838775635 -8.027992248535156 0.9175884134304066 0.3890554941127097 -0.08165369580725806 0.3118758680821565 -0.8318944217085098 -0.45900448150128714 0 0 0 0 0 0
-0.9865036010742188 -6.509115219116211 -8.591415405273438 0.8822996091470305 0.25112341522506265 0.39810102992167457 0.45161433731649236 -0.6899847337778714 -0.5656549809589461 0 0 0 0 0 0
-0.6662139892578125 -6.720611095428467 -9.011650085449219 0.6007042919714916 -0.062443424774875175 0.7970289657907131 0.45732912519950936 -0.7908811073191592 -0.4066412981115814 0 0 0 0 0 0
-0.209014892578125 -6.932180404663086 -9.227996826171875 -0.043220530701208425 -0.3396976833651162 0.9395410952386699 0.47281482636950795 -0.835393601072495 -0.2802921177134689 0 0 0 0 0 0
0.2119598388671875 -7.215279579162598 -9.191551208496094 -0.7417344884995883 -0.4935427338095991 0.4541426190900843 0.30669628575771185 -0.8517744018476481 -0.42475611432857063 0 0 0 0 0 0
0.5112991333007812 -7.675448417663574 -9.160804748535156 -0.958901900240559 -0.25086798418705986 0.1325609302357458 0.19829285420831574 -0.9266705897726565 -0.3193142057915943 0 0 0 0 0 0
